22	Gamma	1	0.0	2	-1	0	0	0	0	0	0	0	0
111	pi0	1	0.1349768	1	-1	0	0	0	0	0	0	0	0
211	pi+	1	0.13957039	1	-1	0	1	0	0	0	0	0	0
321	K+	1	0.493677	1	-1	0	1	1	0	1	0	0	0
311	K0	1	0.497611	1	-1	0	0	1	0	1	0	0	0
221	eta	0	0.547862	1	-1	0	0	0	0	0	0	1.31e-06	0
213	rho+	0	0.775185	3	-1	0	1	0	0	0	0	0.14825	0
113	rho0	0	0.775185	3	-1	0	0	0	0	0	0	0.14825	0
223	omega(782)	0	0.78266	3	-1	0	0	0	0	0	0	0.00868	0
323	K*(892)+	0	0.89167	3	-1	0	1	1	0	1	0	0.0514	0
313	K*(892)0	0	0.89555	3	-1	0	0	1	0	1	0	0.0473	0
331	eta'(958)	0	0.95778	1	-1	0	0	0	0	0	0	0.000188	0
9000211	a0(980)+	0	0.98	1	-1	0	1	0	0	0	0	0.075	0
9000111	a0(980)0	0	0.98	1	-1	0	0	0	0	0	0	0.075	0
9010221	f0(980)	0	0.99	1	-1	0	0	0	0	0	0	0.055	0
333	phi(1020)	0	1.019461	3	-1	0	0	0	0	0	0	0.004249	0
10223	h1(1170)	0	1.166	3	-1	0	0	0	0	0	0	0.375	0
10213	b1(1235)+	0	1.2295	3	-1	0	1	0	0	0	0	0.142	0
10113	b1(1235)0	0	1.2295	3	-1	0	0	0	0	0	0	0.142	0
20213	a1(1260)+	0	1.23	3	-1	0	1	0	0	0	0	0.425	0
20113	a1(1260)0	0	1.23	3	-1	0	0	0	0	0	0	0.425	0
10323	K1(1270)+	0	1.253	3	-1	0	1	1	0	1	0	0.09	0
10313	K1(1270)0	0	1.253	3	-1	0	0	1	0	1	0	0.09	0
225	f2(1270)	0	1.2755	5	-1	0	0	0	0	0	0	0.1867	0
100221	eta(1295)	0	1.294	1	-1	0	0	0	0	0	0	0.055	0
100211	pi(1300)+	0	1.3	1	-1	0	1	0	0	0	0	0.4	0
100111	pi(1300)0	0	1.3	1	-1	0	0	0	0	0	0	0.4	0
10221	f0(1370)	0	1.35	1	-1	0	0	0	0	0	0	0.35	0
9000113	pi1(1400)0	0	1.351	3	-1	0	0	0	0	0	0	0.31	0
9000213	pi1(1400)+	0	1.354	3	-1	0	1	0	0	0	0	0.33	0
20223	f1(1285)	0	1.37	3	-1	0	0	0	0	0	0	0.0227	0
215	a2(1320)+	0	1.37	5	-1	0	1	0	0	0	0	0.105	0
115	a2(1320)0	0	1.37	5	-1	0	0	0	0	0	0	0.105	0
20313	K1(1400)0	0	1.403	3	-1	0	0	1	0	1	0	0.174	0
20323	K1(1400)+	0	1.4051	3	-1	0	1	1	0	1	0	0.174	0
9020221	eta(1405)	0	1.4088	1	-1	0	0	0	0	0	0	0.0501	0
100223	omega(1420)	0	1.41	3	-1	0	0	0	0	0	0	0.29	0
100323	K*(1410)+	0	1.414	3	-1	0	1	1	0	1	0	0.232	0
100313	K*(1410)0	0	1.414	3	-1	0	0	1	0	1	0	0.232	0
10333	h1(1415)	0	1.416	3	-1	0	0	0	0	0	0	0.09	0
10321	K0*(1430)+	0	1.425	1	-1	0	1	1	0	1	0	0.27	0
10311	K0*(1430)0	0	1.425	1	-1	0	0	1	0	1	0	0.27	0
20333	f1(1420)	0	1.4263	3	-1	0	0	0	0	0	0	0.0545	0
325	K2*(1430)+	0	1.4273	5	-1	0	1	1	0	1	0	0.1	0
9000225	f2(1430)	0	1.43	5	-1	0	0	0	0	0	0	0.013	0
315	K2*(1430)0	0	1.4324	5	-1	0	0	1	0	1	0	0.109	0
100321	K(1460)+	0	1.447	1	-1	0	1	1	0	1	0	0.282	0
100311	K(1460)0	0	1.447	1	-1	0	0	1	0	1	0	0.282	0
100213	rho(1450)+	0	1.465	3	-1	0	1	0	0	0	0	0.4	0
100113	rho(1450)0	0	1.465	3	-1	0	0	0	0	0	0	0.4	0
10211	a0(1450)+	0	1.474	1	-1	0	1	0	0	0	0	0.265	0
10111	a0(1450)0	0	1.474	1	-1	0	0	0	0	0	0	0.265	0
100331	eta(1475)	0	1.475	1	-1	0	0	0	0	0	0	0.09	0
335	f2'(1525)	0	1.5174	5	-1	0	0	0	0	0	0	0.086	0
9000223	f1(1510)	0	1.518	3	-1	0	0	0	0	0	0	0.073	0
9010225	f2(1565)	0	1.549	5	-1	0	0	0	0	0	0	0.122	0
9030221	f0(1500)	0	1.56	1	-1	0	0	0	0	0	0	0.112	0
7030213	rho(1570)+	0	1.57	3	-1	0	1	0	0	0	0	0.144	0
7030113	rho(1570)0	0	1.57	3	-1	0	0	0	0	0	0	0.144	0
9000325	K2(1580)+	0	1.58	5	-1	0	1	1	0	1	0	0.11	0
9000315	K2(1580)0	0	1.58	5	-1	0	0	1	0	1	0	0.11	0
9010223	h1(1595)	0	1.594	3	-1	0	0	0	0	0	0	0.384	0
10225	eta2(1645)	0	1.617	5	-1	0	0	0	0	0	0	0.181	0
7010323	K(1630)+	0	1.629	3	-1	0	1	1	0	1	0	0.016	0
7010313	K(1630)0	0	1.629	3	-1	0	0	1	0	1	0	0.016	0
9020225	f2(1640)	0	1.639	5	-1	0	0	0	0	0	0	0.099	0
9020213	a1(1640)+	0	1.655	3	-1	0	1	0	0	0	0	0.254	0
9020113	a1(1640)0	0	1.655	3	-1	0	0	0	0	0	0	0.254	0
9010213	pi1(1600)+	0	1.661	3	-1	0	1	0	0	0	0	0.24	0
9010113	pi1(1600)0	0	1.661	3	-1	0	0	0	0	0	0	0.24	0
227	omega3(1670)	0	1.667	7	-1	0	0	0	0	0	0	0.168	0
30223	omega(1650)	0	1.67	3	-1	0	0	0	0	0	0	0.315	0
10215	pi2(1670)+	0	1.6706	5	-1	0	1	0	0	0	0	0.258	0
10115	pi2(1670)0	0	1.6706	5	-1	0	0	0	0	0	0	0.258	0
9000323	K1(1650)+	0	1.672	3	-1	0	1	1	0	1	0	0.158	0
9000313	K1(1650)0	0	1.672	3	-1	0	0	1	0	1	0	0.158	0
100333	phi(1680)	0	1.68	3	-1	0	0	0	0	0	0	0.15	0
217	rho3(1690)+	0	1.6888	7	-1	0	1	0	0	0	0	0.161	0
117	rho3(1690)0	0	1.6888	7	-1	0	0	0	0	0	0	0.161	0
9000215	a2(1700)+	0	1.698	5	-1	0	1	0	0	0	0	0.265	0
9000115	a2(1700)0	0	1.698	5	-1	0	0	0	0	0	0	0.265	0
10331	f0(1710)	0	1.704	1	-1	0	0	0	0	0	0	0.123	0
30323	K*(1680)+	0	1.718	3	-1	0	1	1	0	1	0	0.322	0
30313	K*(1680)0	0	1.718	3	-1	0	0	1	0	1	0	0.322	0
30213	rho(1700)+	0	1.72	3	-1	0	1	0	0	0	0	0.25	0
30113	rho(1700)0	0	1.72	3	-1	0	0	0	0	0	0	0.25	0
9040221	eta(1760)	0	1.751	1	-1	0	0	0	0	0	0	0.24	0
10325	K2(1770)+	0	1.773	5	-1	0	1	1	0	1	0	0.186	0
10315	K2(1770)0	0	1.773	5	-1	0	0	1	0	1	0	0.186	0
327	K3*(1780)+	0	1.779	7	-1	0	1	1	0	1	0	0.161	0
317	K3*(1780)0	0	1.779	7	-1	0	0	1	0	1	0	0.161	0
9010211	pi(1800)+	0	1.81	1	-1	0	1	0	0	0	0	0.215	0
9010111	pi(1800)0	0	1.81	1	-1	0	0	0	0	0	0	0.215	0
9030225	f2(1810)	0	1.815	5	-1	0	0	0	0	0	0	0.197	0
20325	K2(1820)+	0	1.819	5	-1	0	1	1	0	1	0	0.264	0
20315	K2(1820)0	0	1.819	5	-1	0	0	1	0	1	0	0.264	0
7200221	X(1835)	0	1.8265	1	-1	0	0	0	0	0	0	0.242	0
10335	eta2(1870)	0	1.842	5	-1	0	0	0	0	0	0	0.225	0
337	phi3(1850)	0	1.854	7	-1	0	0	0	0	0	0	0.087	0
9010321	K(1830)+	0	1.874	1	-1	0	1	1	0	1	0	0.168	0
9010311	K(1830)0	0	1.874	1	-1	0	0	1	0	1	0	0.168	0
7110215	pi2(1880)+	0	1.874	5	-1	0	1	0	0	0	0	0.237	0
7110115	pi2(1880)0	0	1.874	5	-1	0	0	0	0	0	0	0.237	0
9030213	rho(1900)+	0	1.886	3	-1	0	1	0	0	0	0	0.077	0
9030113	rho(1900)0	0	1.886	3	-1	0	0	0	0	0	0	0.077	0
9040225	f2(1910)	0	1.9	5	-1	0	0	0	0	0	0	0.167	0
7110211	a0(1950)+	0	1.931	1	-1	0	1	0	0	0	0	0.271	0
7110111	a0(1950)0	0	1.931	1	-1	0	0	0	0	0	0	0.271	0
9050225	f2(1950)	0	1.936	5	-1	0	0	0	0	0	0	0.464	0
9020321	K0*(1950)+	0	1.945	1	-1	0	1	1	0	1	0	0.201	0
9020311	K0*(1950)0	0	1.945	1	-1	0	0	1	0	1	0	0.201	0
7210215	pi2(2005)+	0	1.963	5	-1	0	1	0	0	0	0	0.37	0
7210115	pi2(2005)0	0	1.963	5	-1	0	0	0	0	0	0	0.37	0
219	a4(1970)+	0	1.967	9	-1	0	1	0	0	0	0	0.324	0
119	a4(1970)0	0	1.967	9	-1	0	0	0	0	0	0	0.324	0
9000217	rho3(1990)+	0	1.982	7	-1	0	1	0	0	0	0	0.188	0
9000117	rho3(1990)0	0	1.982	7	-1	0	0	0	0	0	0	0.188	0
9050221	f0(2020)	0	1.992	1	-1	0	0	0	0	0	0	0.442	0
9010325	K2*(1980)+	0	1.995	5	-1	0	1	1	0	1	0	0.349	0
9010315	K2*(1980)0	0	1.995	5	-1	0	0	1	0	1	0	0.349	0
9060225	f2(2010)	0	2.011	5	-1	0	0	0	0	0	0	0.202	0
229	f4(2050)	0	2.018	9	-1	0	0	0	0	0	0	0.237	0
9060221	f0(2100)	0	2.086	1	-1	0	0	0	0	0	0	0.284	0
9010215	pi2(2100)+	0	2.09	5	-1	0	1	0	0	0	0	0.625	0
9010115	pi2(2100)0	0	2.09	5	-1	0	0	0	0	0	0	0.625	0
9040213	rho(2150)+	0	2.15	3	-1	0	1	0	0	0	0	0.254	0
9040113	rho(2150)0	0	2.15	3	-1	0	0	0	0	0	0	0.254	0
9070225	f2(2150)	0	2.157	5	-1	0	0	0	0	0	0	0.152	0
7200333	phi(2170)	0	2.159	3	-1	0	0	0	0	0	0	0.137	0
9070221	f0(2200)	0	2.187	1	-1	0	0	0	0	0	0	0.207	0
9010217	rho3(2250)+	0	2.2	7	-1	0	1	0	0	0	0	0.158	0
9010117	rho3(2250)0	0	2.2	7	-1	0	0	0	0	0	0	0.158	0
9080221	eta(2225)	0	2.221	1	-1	0	0	0	0	0	0	0.185	0
9000229	fJ(2220)	0	2.2311	5	-1	0	0	0	0	0	0	0.023	0
9020325	K2(2250)+	0	2.247	5	-1	0	1	1	0	1	0	0.18	0
9020315	K2(2250)0	0	2.247	5	-1	0	0	1	0	1	0	0.18	0
329	K4*(2045)+	0	2.25	9	-1	0	1	1	0	1	0	0.199	0
319	K4*(2045)0	0	2.25	9	-1	0	0	1	0	1	0	0.199	0
9080225	f2(2300)	0	2.297	5	-1	0	0	0	0	0	0	0.149	0
9010229	f4(2300)	0	2.32	9	-1	0	0	0	0	0	0	0.25	0
9010327	K3(2320)+	0	2.324	7	-1	0	1	1	0	1	0	0.15	0
9010317	K3(2320)0	0	2.324	7	-1	0	0	1	0	1	0	0.15	0
7030331	f0(2330)	0	2.324	1	-1	0	0	0	0	0	0	0.194	0
8000211	rho5(2350)+	0	2.33	11	-1	0	1	0	0	0	0	0.4	0
8000111	rho5(2350)0	0	2.33	11	-1	0	0	0	0	0	0	0.4	0
7300221	X(2370)	0	2.3416	1	-1	0	0	0	0	0	0	0.117	0
9090225	f2(2340)	0	2.345	5	-1	0	0	0	0	0	0	0.322	0
8200323	K5*(2380)+	0	2.382	11	-1	0	1	1	0	1	0	0.178	0
8200313	K5*(2380)0	0	2.382	11	-1	0	0	1	0	1	0	0.178	0
8000223	f6(2510)	0	2.465	13	-1	0	0	0	0	0	0	0.255	0
9000329	K4(2500)+	0	2.49	9	-1	0	1	1	0	1	0	0.25	0
9000319	K4(2500)0	0	2.49	9	-1	0	0	1	0	1	0	0.25	0

2212	p	1	0.9382720813	2	1	1	1	0	0	0	0	0	0
2112	n	1	0.9395654133	2	1	1	0	0	0	0	0	0	0
12212	N(1440)+	0	1.44	2	1	1	1	0	0	0	0	0.35	0
12112	N(1440)0	0	1.44	2	1	1	0	0	0	0	0	0.35	0
2124	N(1520)+	0	1.515	4	1	1	1	0	0	0	0	0.11	0
1214	N(1520)0	0	1.515	4	1	1	0	0	0	0	0	0.11	0
22212	N(1535)+	0	1.53	2	1	1	1	0	0	0	0	0.15	0
22112	N(1535)0	0	1.53	2	1	1	0	0	0	0	0	0.15	0
32212	N(1650)+	0	1.65	2	1	1	1	0	0	0	0	0.125	0
32112	N(1650)0	0	1.65	2	1	1	0	0	0	0	0	0.125	0
2216	N(1675)+	0	1.675	6	1	1	1	0	0	0	0	0.145	0
2116	N(1675)0	0	1.675	6	1	1	0	0	0	0	0	0.145	0
12216	N(1680)+	0	1.685	6	1	1	1	0	0	0	0	0.12	0
12116	N(1680)0	0	1.685	6	1	1	0	0	0	0	0	0.12	0
42212	N(1710)+	0	1.71	2	1	1	1	0	0	0	0	0.14	0
42112	N(1710)0	0	1.71	2	1	1	0	0	0	0	0	0.14	0
32124	N(1720)+	0	1.72	4	1	1	1	0	0	0	0	0.25	0
31214	N(1720)0	0	1.72	4	1	1	0	0	0	0	0	0.25	0
22124	N(1700)+	0	1.72	4	1	1	1	0	0	0	0	0.2	0
21214	N(1700)0	0	1.72	4	1	1	0	0	0	0	0	0.2	0
9812124	N(1875)+	0	1.875	4	1	1	1	0	0	0	0	0.2	0
9811214	N(1875)0	0	1.875	4	1	1	0	0	0	0	0	0.2	0
9852212	N(1880)+	0	1.88	2	1	1	1	0	0	0	0	0.3	0
9852112	N(1880)0	0	1.88	2	1	1	0	0	0	0	0	0.3	0
9822216	N(1860)+	0	1.89	6	1	1	1	0	0	0	0	0.247	0
9822116	N(1860)0	0	1.89	6	1	1	0	0	0	0	0	0.247	0
9862212	N(1895)+	0	1.895	2	1	1	1	0	0	0	0	0.12	0
9862112	N(1895)0	0	1.895	2	1	1	0	0	0	0	0	0.12	0
9842124	N(1900)+	0	1.92	4	1	1	1	0	0	0	0	0.2	0
9841214	N(1900)0	0	1.92	4	1	1	0	0	0	0	0	0.2	0
9832216	N(2000)+	0	2.0	6	1	1	1	0	0	0	0	0.294	0
9832116	N(2000)0	0	2.0	6	1	1	0	0	0	0	0	0.294	0
9812128	N(1990)+	0	2.02	8	1	1	1	0	0	0	0	0.3	0
9811218	N(1990)0	0	2.02	8	1	1	0	0	0	0	0	0.3	0
9852124	N(2040)+	0	2.054	4	1	1	1	0	0	0	0	0.197	0
9851214	N(2040)0	0	2.054	4	1	1	0	0	0	0	0	0.197	0
9872212	N(2100)+	0	2.1	2	1	1	1	0	0	0	0	0.26	0
9872112	N(2100)0	0	2.1	2	1	1	0	0	0	0	0	0.26	0
9842216	N(2060)+	0	2.1	6	1	1	1	0	0	0	0	0.4	0
9842116	N(2060)0	0	2.1	6	1	1	0	0	0	0	0	0.4	0
9862124	N(2120)+	0	2.12	4	1	1	1	0	0	0	0	0.3	0
9861214	N(2120)0	0	2.12	4	1	1	0	0	0	0	0	0.3	0
2128	N(2190)+	0	2.18	8	1	1	1	0	0	0	0	0.4	0
1218	N(2190)0	0	2.18	8	1	1	0	0	0	0	0	0.4	0
9902218	N(2220)+	0	2.25	10	1	1	1	0	0	0	0	0.4	0
9902118	N(2220)0	0	2.25	10	1	1	0	0	0	0	0	0.4	0
9912218	N(2250)+	0	2.28	10	1	1	1	0	0	0	0	0.5	0
9912118	N(2250)0	0	2.28	10	1	1	0	0	0	0	0	0.5	0
9882212	N(2300)+	0	2.3	2	1	1	1	0	0	0	0	0.34	0
9882112	N(2300)0	0	2.3	2	1	1	0	0	0	0	0	0.34	0
9852216	N(2570)+	0	2.57	6	1	1	1	0	0	0	0	0.25	0
9852116	N(2570)0	0	2.57	6	1	1	0	0	0	0	0	0.25	0
9902212	N(2600)+	0	2.6	12	1	1	1	0	0	0	0	0.65	0
9902112	N(2600)0	0	2.6	12	1	1	0	0	0	0	0	0.65	0
9902214	N(2700)+	0	2.612	14	1	1	1	0	0	0	0	0.35	0
9902114	N(2700)0	0	2.612	14	1	1	0	0	0	0	0	0.35	0
3122	Lambda	1	1.115683	2	1	1	0	-1	0	1	0	0	0
13122	Lambda(1405)	0	1.4051	2	1	1	0	-1	0	1	0	0.0505	0
3124	Lambda(1520)	0	1.523	4	1	1	0	-1	0	1	0	0.01573	0
23122	Lambda(1600)	0	1.6	2	1	1	0	-1	0	1	0	0.2	0
33122	Lambda(1670)	0	1.674	2	1	1	0	-1	0	1	0	0.03	0
13124	Lambda(1690)	0	1.69	4	1	1	0	-1	0	1	0	0.07	0
9863122	Lambda(1710)	0	1.713	2	1	1	0	-1	0	1	0	0.18	0
53122	Lambda(1810)	0	1.79	2	1	1	0	-1	0	1	0	0.11	0
43122	Lambda(1800)	0	1.8	2	1	1	0	-1	0	1	0	0.2	0
3126	Lambda(1820)	0	1.82	6	1	1	0	-1	0	1	0	0.08	0
13126	Lambda(1830)	0	1.825	6	1	1	0	-1	0	1	0	0.09	0
23124	Lambda(1890)	0	1.89	4	1	1	0	-1	0	1	0	0.12	0
9873122	Lambda(2000)	0	2.0	2	1	1	0	-1	0	1	0	0.19	0
9833124	Lambda(2050)	0	2.056	4	1	1	0	-1	0	1	0	0.493	0
9843124	Lambda(2070)	0	2.07	4	1	1	0	-1	0	1	0	0.37	0
9833126	Lambda(2080)	0	2.082	6	1	1	0	-1	0	1	0	0.181	0
9813128	Lambda(2085)	0	2.084	8	1	1	0	-1	0	1	0	0.155	0
23126	Lambda(2110)	0	2.09	6	1	1	0	-1	0	1	0	0.25	0
3128	Lambda(2100)	0	2.1	8	1	1	0	-1	0	1	0	0.2	0
9853124	Lambda(2325)	0	2.325	4	1	1	0	-1	0	1	0	0.168	0
9903128	Lambda(2350)	0	2.35	10	1	1	0	-1	0	1	0	0.15	0
3222	Sigma+	1	1.18937	2	1	1	1	-1	0	1	0	0	0
3212	Sigma0	1	1.192642	2	1	1	0	-1	0	1	0	0	0
3112	Sigma-	1	1.197449	2	1	1	-1	-1	0	1	0	0	0
3224	Sigma(1385)+	0	1.3828	4	1	1	1	-1	0	1	0	0.036	0
3214	Sigma(1385)0	0	1.3837	4	1	1	0	-1	0	1	0	0.036	0
3114	Sigma(1385)-	0	1.3872	4	1	1	-1	-1	0	1	0	0.0394	0
9833224	Sigma(1580)+	0	1.58	4	1	1	1	-1	0	1	0	0.013	0
9833214	Sigma(1580)0	0	1.58	4	1	1	0	-1	0	1	0	0.013	0
9833114	Sigma(1580)-	0	1.58	4	1	1	-1	-1	0	1	0	0.013	0
9833222	Sigma(1620)+	0	1.62	2	1	1	1	-1	0	1	0	0.07	0
9833212	Sigma(1620)0	0	1.62	2	1	1	0	-1	0	1	0	0.07	0
9833112	Sigma(1620)-	0	1.62	2	1	1	-1	-1	0	1	0	0.07	0
13222	Sigma(1660)+	0	1.66	2	1	1	1	-1	0	1	0	0.2	0
13212	Sigma(1660)0	0	1.66	2	1	1	0	-1	0	1	0	0.2	0
13112	Sigma(1660)-	0	1.66	2	1	1	-1	-1	0	1	0	0.2	0
13224	Sigma(1670)+	0	1.675	4	1	1	1	-1	0	1	0	0.07	0
13214	Sigma(1670)0	0	1.675	4	1	1	0	-1	0	1	0	0.07	0
13114	Sigma(1670)-	0	1.675	4	1	1	-1	-1	0	1	0	0.07	0
23222	Sigma(1750)+	0	1.75	2	1	1	1	-1	0	1	0	0.15	0
23212	Sigma(1750)0	0	1.75	2	1	1	0	-1	0	1	0	0.15	0
23112	Sigma(1750)-	0	1.75	2	1	1	-1	-1	0	1	0	0.15	0
3226	Sigma(1775)+	0	1.775	6	1	1	1	-1	0	1	0	0.12	0
3216	Sigma(1775)0	0	1.775	6	1	1	0	-1	0	1	0	0.12	0
3116	Sigma(1775)-	0	1.775	6	1	1	-1	-1	0	1	0	0.12	0
9843224	Sigma(1780)+	0	1.78	4	1	1	1	-1	0	1	0	0.2	0
9843214	Sigma(1780)0	0	1.78	4	1	1	0	-1	0	1	0	0.2	0
9843114	Sigma(1780)-	0	1.78	4	1	1	-1	-1	0	1	0	0.2	0
9843222	Sigma(1880)+	0	1.88	2	1	1	1	-1	0	1	0	0.2	0
9843212	Sigma(1880)0	0	1.88	2	1	1	0	-1	0	1	0	0.2	0
9843112	Sigma(1880)-	0	1.88	2	1	1	-1	-1	0	1	0	0.2	0
23224	Sigma(1910)+	0	1.91	4	1	1	1	-1	0	1	0	0.22	0
23214	Sigma(1910)0	0	1.91	4	1	1	0	-1	0	1	0	0.22	0
23114	Sigma(1910)-	0	1.91	4	1	1	-1	-1	0	1	0	0.22	0
13226	Sigma(1915)+	0	1.915	6	1	1	1	-1	0	1	0	0.12	0
13216	Sigma(1915)0	0	1.915	6	1	1	0	-1	0	1	0	0.12	0
13116	Sigma(1915)-	0	1.915	6	1	1	-1	-1	0	1	0	0.12	0
9853222	Sigma(1900)+	0	1.925	2	1	1	1	-1	0	1	0	0.165	0
9853212	Sigma(1900)0	0	1.925	2	1	1	0	-1	0	1	0	0.165	0
9853112	Sigma(1900)-	0	1.925	2	1	1	-1	-1	0	1	0	0.165	0
9853224	Sigma(1940)+	0	1.94	4	1	1	1	-1	0	1	0	0.25	0
9853214	Sigma(1940)0	0	1.94	4	1	1	0	-1	0	1	0	0.25	0
9853114	Sigma(1940)-	0	1.94	4	1	1	-1	-1	0	1	0	0.25	0
9863224	Sigma(2010)+	0	2.005	4	1	1	1	-1	0	1	0	0.178	0
9863214	Sigma(2010)0	0	2.005	4	1	1	0	-1	0	1	0	0.178	0
9863114	Sigma(2010)-	0	2.005	4	1	1	-1	-1	0	1	0	0.178	0
3228	Sigma(2030)+	0	2.03	8	1	1	1	-1	0	1	0	0.18	0
3218	Sigma(2030)0	0	2.03	8	1	1	0	-1	0	1	0	0.18	0
3118	Sigma(2030)-	0	2.03	8	1	1	-1	-1	0	1	0	0.18	0
9823226	Sigma(2070)+	0	2.06	6	1	1	1	-1	0	1	0	0.2	0
9823216	Sigma(2070)0	0	2.06	6	1	1	0	-1	0	1	0	0.2	0
9823116	Sigma(2070)-	0	2.06	6	1	1	-1	-1	0	1	0	0.2	0
9873224	Sigma(2080)+	0	2.09	4	1	1	1	-1	0	1	0	0.17	0
9873214	Sigma(2080)0	0	2.09	4	1	1	0	-1	0	1	0	0.17	0
9873114	Sigma(2080)-	0	2.09	4	1	1	-1	-1	0	1	0	0.17	0
9813228	Sigma(2100)+	0	2.1	8	1	1	1	-1	0	1	0	0.232	0
9813218	Sigma(2100)0	0	2.1	8	1	1	0	-1	0	1	0	0.232	0
9813118	Sigma(2100)-	0	2.1	8	1	1	-1	-1	0	1	0	0.232	0
9863222	Sigma(2160)+	0	2.105	2	1	1	1	-1	0	1	0	0.313	0
9863212	Sigma(2160)0	0	2.105	2	1	1	0	-1	0	1	0	0.313	0
9863112	Sigma(2160)-	0	2.105	2	1	1	-1	-1	0	1	0	0.313	0
9883224	Sigma(2230)+	0	2.24	4	1	1	1	-1	0	1	0	0.345	0
9883214	Sigma(2230)0	0	2.24	4	1	1	0	-1	0	1	0	0.345	0
9883114	Sigma(2230)-	0	2.24	4	1	1	-1	-1	0	1	0	0.345	0
9833226	Sigma(2250)+	0	2.25	6	1	1	1	-1	0	1	0	0.1	0
9833216	Sigma(2250)0	0	2.25	6	1	1	0	-1	0	1	0	0.1	0
9833116	Sigma(2250)-	0	2.25	6	1	1	-1	-1	0	1	0	0.1	0
9893224	Sigma(2455)+	0	2.455	4	1	1	1	-1	0	1	0	0.12	0
9893214	Sigma(2455)0	0	2.455	4	1	1	0	-1	0	1	0	0.12	0
9893114	Sigma(2455)-	0	2.455	4	1	1	-1	-1	0	1	0	0.12	0
9843226	Sigma(2620)+	0	2.62	6	1	1	1	-1	0	1	0	0.2	0
9843216	Sigma(2620)0	0	2.62	6	1	1	0	-1	0	1	0	0.2	0
9843116	Sigma(2620)-	0	2.62	6	1	1	-1	-1	0	1	0	0.2	0
9823228	Sigma(3170)+	0	3.17	8	1	1	1	-1	0	1	0	0.015	0
9823218	Sigma(3170)0	0	3.17	8	1	1	0	-1	0	1	0	0.015	0
9823118	Sigma(3170)-	0	3.17	8	1	1	-1	-1	0	1	0	0.015	0
2224	Delta(1232)++	0	1.232	4	1	1	2	0	0	0	0	0.117	0
2214	Delta(1232)+	0	1.232	4	1	1	1	0	0	0	0	0.117	0
2114	Delta(1232)0	0	1.232	4	1	1	0	0	0	0	0	0.117	0
1114	Delta(1232)-	0	1.232	4	1	1	-1	0	0	0	0	0.117	0
32224	Delta(1600)++	0	1.57	4	1	1	2	0	0	0	0	0.25	0
32214	Delta(1600)+	0	1.57	4	1	1	1	0	0	0	0	0.25	0
32114	Delta(1600)0	0	1.57	4	1	1	0	0	0	0	0	0.25	0
31114	Delta(1600)-	0	1.57	4	1	1	-1	0	0	0	0	0.25	0
2222	Delta(1620)++	0	1.61	2	1	1	2	0	0	0	0	0.13	0
2122	Delta(1620)+	0	1.61	2	1	1	1	0	0	0	0	0.13	0
1212	Delta(1620)0	0	1.61	2	1	1	0	0	0	0	0	0.13	0
1112	Delta(1620)-	0	1.61	2	1	1	-1	0	0	0	0	0.13	0
12224	Delta(1700)++	0	1.71	4	1	1	2	0	0	0	0	0.3	0
12214	Delta(1700)+	0	1.71	4	1	1	1	0	0	0	0	0.3	0
12114	Delta(1700)0	0	1.71	4	1	1	0	0	0	0	0	0.3	0
11114	Delta(1700)-	0	1.71	4	1	1	-1	0	0	0	0	0.3	0
9832222	Delta(1750)++	0	1.716	2	1	1	2	0	0	0	0	0.356	0
9832122	Delta(1750)+	0	1.716	2	1	1	1	0	0	0	0	0.356	0
9831212	Delta(1750)0	0	1.716	2	1	1	0	0	0	0	0	0.356	0
9831112	Delta(1750)-	0	1.716	2	1	1	-1	0	0	0	0	0.356	0
12222	Delta(1900)++	0	1.86	2	1	1	2	0	0	0	0	0.25	0
12122	Delta(1900)+	0	1.86	2	1	1	1	0	0	0	0	0.25	0
11212	Delta(1900)0	0	1.86	2	1	1	0	0	0	0	0	0.25	0
11112	Delta(1900)-	0	1.86	2	1	1	-1	0	0	0	0	0.25	0
2226	Delta(1905)++	0	1.88	6	1	1	2	0	0	0	0	0.33	0
2126	Delta(1905)+	0	1.88	6	1	1	1	0	0	0	0	0.33	0
1216	Delta(1905)0	0	1.88	6	1	1	0	0	0	0	0	0.33	0
1116	Delta(1905)-	0	1.88	6	1	1	-1	0	0	0	0	0.33	0
22222	Delta(1910)++	0	1.9	2	1	1	2	0	0	0	0	0.3	0
22122	Delta(1910)+	0	1.9	2	1	1	1	0	0	0	0	0.3	0
21212	Delta(1910)0	0	1.9	2	1	1	0	0	0	0	0	0.3	0
21112	Delta(1910)-	0	1.9	2	1	1	-1	0	0	0	0	0.3	0
22224	Delta(1920)++	0	1.92	4	1	1	2	0	0	0	0	0.3	0
22214	Delta(1920)+	0	1.92	4	1	1	1	0	0	0	0	0.3	0
22114	Delta(1920)0	0	1.92	4	1	1	0	0	0	0	0	0.3	0
21114	Delta(1920)-	0	1.92	4	1	1	-1	0	0	0	0	0.3	0
2228	Delta(1950)++	0	1.93	8	1	1	2	0	0	0	0	0.285	0
2218	Delta(1950)+	0	1.93	8	1	1	1	0	0	0	0	0.285	0
2118	Delta(1950)0	0	1.93	8	1	1	0	0	0	0	0	0.285	0
1118	Delta(1950)-	0	1.93	8	1	1	-1	0	0	0	0	0.285	0
12226	Delta(1930)++	0	1.95	6	1	1	2	0	0	0	0	0.3	0
12126	Delta(1930)+	0	1.95	6	1	1	1	0	0	0	0	0.3	0
11216	Delta(1930)0	0	1.95	6	1	1	0	0	0	0	0	0.3	0
11116	Delta(1930)-	0	1.95	6	1	1	-1	0	0	0	0	0.3	0
9842224	Delta(1940)++	0	2.0	4	1	1	2	0	0	0	0	0.4	0
9842214	Delta(1940)+	0	2.0	4	1	1	1	0	0	0	0	0.4	0
9842114	Delta(1940)0	0	2.0	4	1	1	0	0	0	0	0	0.4	0
9841114	Delta(1940)-	0	2.0	4	1	1	-1	0	0	0	0	0.4	0
9822226	Delta(2000)++	0	2.1	6	1	1	2	0	0	0	0	0.45	0
9822126	Delta(2000)+	0	2.1	6	1	1	1	0	0	0	0	0.45	0
9821216	Delta(2000)0	0	2.1	6	1	1	0	0	0	0	0	0.45	0
9821116	Delta(2000)-	0	2.1	6	1	1	-1	0	0	0	0	0.45	0
9842222	Delta(2150)++	0	2.15	2	1	1	2	0	0	0	0	0.2	0
9842122	Delta(2150)+	0	2.15	2	1	1	1	0	0	0	0	0.2	0
9841212	Delta(2150)0	0	2.15	2	1	1	0	0	0	0	0	0.2	0
9841112	Delta(2150)-	0	2.15	2	1	1	-1	0	0	0	0	0.2	0
9812228	Delta(2200)++	0	2.2	8	1	1	2	0	0	0	0	0.35	0
9812218	Delta(2200)+	0	2.2	8	1	1	1	0	0	0	0	0.35	0
9812118	Delta(2200)0	0	2.2	8	1	1	0	0	0	0	0	0.35	0
9811118	Delta(2200)-	0	2.2	8	1	1	-1	0	0	0	0	0.35	0
9902228	Delta(2300)++	0	2.308	10	1	1	2	0	0	0	0	0.36	0
9902128	Delta(2300)+	0	2.308	10	1	1	1	0	0	0	0	0.36	0
9901218	Delta(2300)0	0	2.308	10	1	1	0	0	0	0	0	0.36	0
9901118	Delta(2300)-	0	2.308	10	1	1	-1	0	0	0	0	0.36	0
9832226	Delta(2350)++	0	2.35	6	1	1	2	0	0	0	0	0.35	0
9832126	Delta(2350)+	0	2.35	6	1	1	1	0	0	0	0	0.35	0
9831216	Delta(2350)0	0	2.35	6	1	1	0	0	0	0	0	0.35	0
9831116	Delta(2350)-	0	2.35	6	1	1	-1	0	0	0	0	0.35	0
9822228	Delta(2390)++	0	2.39	8	1	1	2	0	0	0	0	0.3	0
9822218	Delta(2390)+	0	2.39	8	1	1	1	0	0	0	0	0.3	0
9822118	Delta(2390)0	0	2.39	8	1	1	0	0	0	0	0	0.3	0
9821118	Delta(2390)-	0	2.39	8	1	1	-1	0	0	0	0	0.3	0
9902222	Delta(2420)++	0	2.45	12	1	1	2	0	0	0	0	0.5	0
9902122	Delta(2420)+	0	2.45	12	1	1	1	0	0	0	0	0.5	0
9901212	Delta(2420)0	0	2.45	12	1	1	0	0	0	0	0	0.5	0
9901112	Delta(2420)-	0	2.45	12	1	1	-1	0	0	0	0	0.5	0
9912228	Delta(2400)++	0	2.47	10	1	1	2	0	0	0	0	0.57	0
9912128	Delta(2400)+	0	2.47	10	1	1	1	0	0	0	0	0.57	0
9911218	Delta(2400)0	0	2.47	10	1	1	0	0	0	0	0	0.57	0
9911118	Delta(2400)-	0	2.47	10	1	1	-1	0	0	0	0	0.57	0
9902224	Delta(2750)++	0	2.794	14	1	1	2	0	0	0	0	0.35	0
9902124	Delta(2750)+	0	2.794	14	1	1	1	0	0	0	0	0.35	0
9901214	Delta(2750)0	0	2.794	14	1	1	0	0	0	0	0	0.35	0
9901114	Delta(2750)-	0	2.794	14	1	1	-1	0	0	0	0	0.35	0
9902226	Delta(2950)++	0	2.99	16	1	1	2	0	0	0	0	0.33	0
9902126	Delta(2950)+	0	2.99	16	1	1	1	0	0	0	0	0.33	0
9901216	Delta(2950)0	0	2.99	16	1	1	0	0	0	0	0	0.33	0
9901116	Delta(2950)-	0	2.99	16	1	1	-1	0	0	0	0	0.33	0
3322	Ksi0	1	1.31486	2	1	1	0	-2	0	2	0	0	0
3312	Ksi-	1	1.32171	2	1	1	-1	-2	0	2	0	0	0
3324	Ksi(1530)0	0	1.5318	4	1	1	0	-2	0	2	0	0.0091	0
3314	Ksi(1530)-	0	1.535	4	1	1	-1	-2	0	2	0	0.0099	0
9823324	Ksi(1620)0	0	1.62	4	1	1	0	-2	0	2	0	0.03	0
9823314	Ksi(1620)-	0	1.62	4	1	1	-1	-2	0	2	0	0.03	0
203322	Ksi(1690)0	0	1.69	2	1	1	0	-2	0	2	0	0.01	0
203312	Ksi(1690)-	0	1.69	2	1	1	-1	-2	0	2	0	0.01	0
13324	Ksi(1820)0	0	1.823	4	1	1	0	-2	0	2	0	0.024	0
13314	Ksi(1820)-	0	1.823	4	1	1	-1	-2	0	2	0	0.024	0
103326	Ksi(1950)0	0	1.95	6	1	1	0	-2	0	2	0	0.06	0
103316	Ksi(1950)-	0	1.95	6	1	1	-1	-2	0	2	0	0.06	0
203326	Ksi(2030)0	0	2.025	6	1	1	0	-2	0	2	0	0.02	0
203316	Ksi(2030)-	0	2.025	6	1	1	-1	-2	0	2	0	0.02	0
9803328	Ksi(2120)0	0	2.12	8	1	1	0	-2	0	2	0	0.02	0
9803318	Ksi(2120)-	0	2.12	8	1	1	-1	-2	0	2	0	0.02	0
9903328	Ksi(2250)0	0	2.25	10	1	1	0	-2	0	2	0	0.088	0
9903318	Ksi(2250)-	0	2.25	10	1	1	-1	-2	0	2	0	0.088	0
9913328	Ksi(2370)0	0	2.37	10	1	1	0	-2	0	2	0	0.08	0
9913318	Ksi(2370)-	0	2.37	10	1	1	-1	-2	0	2	0	0.08	0
9903322	Ksi(2500)0	0	2.5	12	1	1	0	-2	0	2	0	0.1	0
9903312	Ksi(2500)-	0	2.5	12	1	1	-1	-2	0	2	0	0.1	0
3334	Omega	1	1.67245	4	1	1	-1	-3	0	3	0	0	0
9813334	Omega(2012)	0	2.0124	4	1	1	-1	-3	0	3	0	0.0064	0
203338	Omega(2250)	0	2.252	8	1	1	-1	-3	0	3	0	0.055	0
9803336	Omega(2380)	0	2.384	10	1	1	-1	-3	0	3	0	0.026	0
9903332	Omega(2470)	0	2.474	12	1	1	-1	-3	0	3	0	0.072	0