111
126.231 124.166 115.289 95.6949 70.173 47.3666 30.2786 17.8405 9.45833 4.58856 2.0231 0.792961 0.266462 0.0716501 0.0129377 
126.225 124.139 115.216 95.5225 69.7374 46.8377 29.7807 17.4715 9.18716 4.43112 1.94299 0.756957 0.252898 0.0677193 0.0122038 
126.217 124.091 115.057 95.0781 68.9741 45.8613 28.8632 16.8676 8.75684 4.18063 1.81278 0.696597 0.229346 0.0602764 0.0105538 
126.21 124.025 114.805 94.4418 68.0245 44.7564 28.1258 16.0809 8.22019 3.85717 1.63264 0.610902 0.195827 0.0498442 0.00837592 
126.21 123.96 114.47 93.7775 67.2335 44.2082 28.1736 15.5969 7.83562 3.6027 1.48617 0.544686 0.170443 0.0425315 0.00709369 
126.221 123.946 114.282 93.6449 67.556 45.1755 29.2688 16.2908 8.20883 3.75776 1.53453 0.548292 0.167117 0.0400235 0.00625562 
126.251 124.067 114.512 94.265 69.0671 47.2292 31.7919 19.0217 10.2153 4.94507 2.1297 0.799621 0.254393 0.0634159 0.0102067 
126.298 124.353 115.323 95.8021 71.2866 49.4889 34.2685 23.4286 14.4074 7.83405 3.91016 1.75022 0.689371 0.225739 0.0527478 
126.356 124.715 116.412 97.9597 74.0172 51.9297 34.8256 23.3051 14.146 7.6435 3.79976 1.6966 0.658229 0.20932 0.0464629 
126.408 125.033 117.442 99.4637 75.1624 51.2146 31.8893 18.3782 9.60705 4.51789 1.893 0.688362 0.207581 0.0477681 0.00684405 
126.443 125.24 117.904 99.6401 74.01 49.0762 29.3398 15.9536 7.89417 3.5169 1.39018 0.47411 0.133225 0.0281867 0.00362486 
126.449 125.246 117.52 98.4253 72.0388 47.5652 29.001 16.8509 8.73988 4.12429 1.76565 0.670764 0.217819 0.0562557 0.00961024 
126.428 125.053 116.695 96.8031 70.4694 47.0066 30.634 19.2463 10.4627 5.24944 2.41176 0.992468 0.352574 0.101735 0.020299 
126.389 124.778 115.921 95.6163 69.6463 47.6076 31.8849 20.2091 11.4435 5.88315 2.74404 1.11603 0.397103 0.115364 0.0229809 
126.346 124.556 115.523 95.3037 69.5814 47.5294 32.1721 21.9637 13.1787 7.12814 3.56351 1.59763 0.627114 0.203331 0.0469962 
126.306 124.409 115.452 95.6825 70.4552 48.2564 32.5018 22.0289 13.4361 7.3258 3.7062 1.70653 0.69274 0.232125 0.055694 
126.275 124.317 115.462 96.0542 71.1077 49.1196 32.5743 20.6196 11.8853 6.20689 2.96788 1.27398 0.473759 0.142383 0.0293304 
126.253 124.255 115.426 96.0827 71.098 48.7666 31.8512 19.2916 10.6024 5.31523 2.42248 0.982306 0.3412 0.0944463 0.0174337 
126.24 124.206 115.362 95.9073 70.6537 48.0731 30.9985 18.436 9.91465 4.86568 2.16899 0.859077 0.291357 0.0788295 0.0142753 
126.233 124.178 115.319 95.7778 70.3507 47.5981 30.5229 18.0222 9.59595 4.67021 2.06532 0.811813 0.273385 0.0736348 0.0133189 
211
121.186 119.241 110.995 92.6617 68.4059 46.4231 29.7894 17.603 9.35362 4.54545 2.00664 0.787282 0.264757 0.0712351 0.0128692 
121.182 119.221 110.934 92.5072 67.9955 45.9137 29.3042 17.2408 9.08631 4.38981 1.9273 0.751565 0.251285 0.067327 0.012139 
121.177 119.184 110.801 92.1065 67.2774 44.9727 28.409 16.647 8.66146 4.1418 1.79812 0.691602 0.227865 0.0599209 0.0104964 
121.174 119.138 110.594 91.5386 66.3897 43.9107 27.6888 15.8727 8.13065 3.82091 1.61908 0.606339 0.194489 0.0495281 0.00832606 
121.178 119.1 110.326 90.9613 65.6678 43.3971 27.7382 15.3965 7.74949 3.5677 1.47308 0.54026 0.169142 0.0422222 0.00704407 
121.194 119.118 110.212 90.9067 66.0373 44.3733 28.8285 16.0872 8.1203 3.72119 1.52064 0.543584 0.165733 0.0397005 0.00620606 
121.227 119.264 110.506 91.5986 67.5923 46.4538 31.3585 18.8165 10.1255 4.90673 2.11421 0.793953 0.252581 0.0629533 0.0101297 
121.276 119.556 111.341 93.1936 69.9044 48.8365 33.9574 23.297 14.3846 7.83831 3.91818 1.75574 0.692037 0.22669 0.0529691 
121.331 119.904 112.397 95.3302 72.6837 51.3969 34.6756 23.326 14.2191 7.7079 3.84237 1.71997 0.668769 0.21313 0.0474175 
121.378 120.186 113.318 96.6852 73.6959 50.5898 31.6748 18.3301 9.60993 4.52855 1.90033 0.691784 0.20878 0.0480731 0.006891 
121.405 120.343 113.652 96.6783 72.3586 48.2779 28.9849 15.8023 7.83161 3.49224 1.38113 0.471142 0.132407 0.0280138 0.00360264 
121.403 120.307 113.196 95.371 70.2815 46.6454 28.5332 16.6046 8.62178 4.07129 1.74349 0.662422 0.215118 0.0555595 0.00949186 
121.376 120.094 112.359 93.7469 68.6914 46.0448 30.0961 18.9365 10.311 5.17857 2.38056 0.979905 0.34814 0.100459 0.020045 
121.334 119.816 111.603 92.6025 67.9011 46.6447 31.3493 19.9238 11.3068 5.82364 2.72025 1.10761 0.394494 0.114704 0.0228672 
121.29 119.597 111.214 92.2982 67.8421 46.5802 31.642 21.6488 13.0177 7.05476 3.53192 1.58512 0.6227 0.202032 0.0467239 
121.253 119.455 111.135 92.6396 68.6626 47.271 31.9506 21.6997 13.2605 7.24256 3.66849 1.69057 0.686651 0.230167 0.0552369 
121.224 119.369 111.14 92.981 69.2793 48.1024 32.0184 20.3212 11.7372 6.13979 2.93937 1.26287 0.469942 0.141309 0.0291217 
121.205 119.314 111.109 93.0104 69.2745 47.7674 31.3182 19.0239 10.4787 5.26208 2.40133 0.974688 0.33882 0.0938488 0.0173334 
121.194 119.274 111.055 92.8525 68.8579 47.1024 30.4898 18.1867 9.80282 4.81901 2.15096 0.852783 0.289451 0.0783642 0.0141989 
121.189 119.251 111.02 92.7363 68.5733 46.6458 30.0272 17.7812 9.48917 4.6261 2.04843 0.805969 0.271628 0.073207 0.0132483 
-211
121.013 119.171 111.082 92.8721 68.6456 46.6294 29.9436 17.7021 9.40776 4.57189 2.01827 0.791817 0.266278 0.0716465 0.0129448 
121.007 119.143 111.01 92.7069 68.2259 46.113 29.4531 17.3367 9.13835 4.4151 1.93838 0.755871 0.252727 0.0677174 0.0122109 
120.998 119.092 110.852 92.2812 67.4885 45.1587 28.5494 16.7392 8.71128 4.16598 1.80868 0.69568 0.229222 0.0602841 0.0105617 
120.989 119.02 110.601 91.667 66.5667 44.0767 27.8241 15.9622 8.17955 3.84483 1.62949 0.610331 0.195807 0.0498753 0.00838693 
120.984 118.942 110.26 91.0086 65.7837 43.5326 27.872 15.4853 7.79967 3.59293 1.48422 0.544588 0.170573 0.0425995 0.00711056 
120.99 118.905 110.035 90.8196 66.0436 44.4494 28.9398 16.1684 8.16984 3.74794 1.53308 0.548506 0.167373 0.0401243 0.00627703 
121.012 118.986 110.177 91.2947 67.3866 46.3659 31.3635 18.8293 10.1387 4.91962 2.12302 0.7985 0.254434 0.0635169 0.0102367 
121.051 119.22 110.847 92.5933 69.3242 48.3675 33.6117 23.0265 14.1684 7.71752 3.85707 1.72826 0.681399 0.223367 0.0522592 
121.101 119.539 111.809 94.5304 71.7922 50.5579 33.9931 22.7584 13.8199 7.47163 3.71455 1.65791 0.642887 0.204288 0.045297 
121.151 119.838 112.789 96.0139 73.0023 50.0032 31.2537 18.0532 9.45309 4.45129 1.86695 0.679435 0.205032 0.0472108 0.00676826 
121.187 120.054 113.301 96.3567 72.1375 48.1576 28.9377 15.7946 7.83803 3.49984 1.386 0.473409 0.1332 0.0282139 0.00363204 
121.199 120.097 113.044 95.3678 70.4108 46.8279 28.7087 16.7524 8.71829 4.12495 1.7697 0.67348 0.219017 0.0566331 0.00968472 
121.186 119.954 112.349 93.9107 68.9573 46.3205 30.3356 19.1378 10.4374 5.24981 2.4168 0.996228 0.354432 0.102401 0.0204548 
121.156 119.727 111.669 92.8077 68.1514 46.8701 31.5231 20.0456 11.3806 5.86118 2.73716 1.1142 0.396712 0.115308 0.0229796 
121.119 119.537 111.315 92.5112 68.0685 46.7683 31.7827 21.7633 13.0942 7.09612 3.55256 1.5945 0.626465 0.203276 0.047015 
121.085 119.407 111.252 92.8666 68.9056 47.4802 32.1175 21.8403 13.3591 7.29969 3.69924 1.70568 0.69321 0.232532 0.0558495 
121.056 119.322 111.259 93.2168 69.5382 48.3306 32.1992 20.4531 11.8213 6.18598 2.96247 1.27322 0.473947 0.142562 0.0293902 
121.035 119.261 111.221 93.2429 69.5332 47.9924 31.4912 19.1396 10.5456 5.29653 2.41726 0.981202 0.341094 0.0944797 0.01745 
121.022 119.212 111.156 93.0754 69.108 47.3181 30.6525 18.2921 9.86147 4.84812 2.16394 0.857903 0.291181 0.0788315 0.0142839 
121.016 119.184 111.112 92.9512 68.8167 46.8552 30.1842 17.8822 9.54456 4.65325 2.06041 0.810652 0.2732 0.0736318 0.0133262 
321
8.54461 8.51506 8.39244 8.0645 7.42171 6.47687 5.34327 4.06574 2.75652 1.65085 0.864718 0.389884 0.146974 0.0435273 0.00856273 
8.54468 8.51541 8.39304 8.06445 7.41559 6.45786 5.30635 4.0166 2.70212 1.60636 0.835634 0.373998 0.140041 0.0412748 0.00809978 
8.54485 8.51624 8.39451 8.06451 7.40643 6.42271 5.23651 3.93251 2.61236 1.53378 0.786971 0.346771 0.127852 0.0369791 0.00705294 
8.54518 8.51788 8.39798 8.06763 7.40108 6.38904 5.18121 3.82831 2.49725 1.43666 0.716116 0.306487 0.10987 0.0307479 0.00562463 
8.54572 8.52063 8.40405 8.07727 7.41122 6.39696 5.20806 3.78277 2.42187 1.3588 0.657692 0.275082 0.0959903 0.0262612 0.00475535 
8.54649 8.52464 8.41405 8.09904 7.45929 6.49793 5.36927 3.93996 2.53895 1.42334 0.683793 0.278988 0.094919 0.0249315 0.0042302 
8.54741 8.52956 8.42764 8.13123 7.53521 6.64767 5.63896 4.36695 2.99482 1.79241 0.916554 0.396196 0.141707 0.0390043 0.00685769 
8.5483 8.53459 8.44216 8.16494 7.60663 6.76663 5.83145 4.86383 3.7076 2.51823 1.50898 0.784709 0.350607 0.127958 0.0329876 
8.54896 8.53829 8.45309 8.19616 7.67571 6.88249 5.90132 4.85626 3.66973 2.47228 1.47715 0.766508 0.336947 0.11914 0.0290653 
8.54917 8.53943 8.45819 8.20889 7.70605 6.89231 5.75287 4.36578 2.9243 1.6993 0.845967 0.353673 0.119532 0.0302606 0.00472037 
8.54887 8.53787 8.45437 8.19982 7.67362 6.79992 5.54634 4.03648 2.56702 1.40713 0.657128 0.256302 0.0803744 0.0186423 0.00260202 
8.54812 8.53397 8.44267 8.17243 7.60499 6.68539 5.44857 4.0752 2.69613 1.56541 0.793007 0.34544 0.125592 0.0357027 0.00664994 
8.54714 8.52871 8.42784 8.13624 7.53778 6.61011 5.5125 4.34043 3.03443 1.88662 1.03376 0.491246 0.196504 0.0627294 0.0137187 
8.54615 8.52333 8.41368 8.10572 7.48973 6.58379 5.54378 4.42638 3.18814 2.03865 1.13934 0.535437 0.215664 0.0696877 0.0152816 
8.54535 8.51905 8.40289 8.08463 7.45396 6.52356 5.48435 4.4893 3.37926 2.28322 1.37531 0.717639 0.319965 0.115655 0.0295015 
8.54483 8.51629 8.39633 8.07374 7.44205 6.50852 5.46563 4.46255 3.38475 2.30515 1.40644 0.756491 0.349537 0.130657 0.0346039 
8.54457 8.51495 8.39297 8.06901 7.44042 6.53127 5.47855 4.35741 3.1617 2.05233 1.17868 0.588424 0.248008 0.0828619 0.0187689 
8.54451 8.51461 8.39182 8.06671 7.43674 6.52299 5.44602 4.23306 2.96553 1.84208 1.00334 0.470809 0.184494 0.0565435 0.0114317 
8.54453 8.51472 8.39185 8.06521 7.42915 6.50122 5.39333 4.13902 2.84416 1.72649 0.916606 0.418626 0.159628 0.047663 0.00942283 
8.54458 8.51492 8.39224 8.06475 7.42445 6.48502 5.36058 4.08899 2.78354 1.67352 0.879896 0.398133 0.150498 0.0446683 0.00880676 
-321
8.53621 8.51788 8.41568 8.11581 7.50346 6.58348 5.46304 4.17925 2.84508 1.70935 0.897788 0.405821 0.153384 0.0455584 0.008994 
8.53638 8.51871 8.41718 8.11674 7.49748 6.56264 5.42144 4.12398 2.78446 1.65999 0.865584 0.388279 0.145737 0.0430702 0.00848047 
8.53668 8.52009 8.41955 8.11728 7.48702 6.52276 5.34254 4.02962 2.68505 1.58008 0.812266 0.358561 0.132446 0.0383869 0.00733968 
8.53706 8.52186 8.42279 8.11873 7.4772 6.4808 5.27706 3.91403 2.56018 1.47601 0.737067 0.316022 0.113501 0.0318301 0.0058371 
8.53746 8.52371 8.42627 8.12294 7.47843 6.47761 5.29582 3.86042 2.47908 1.3947 0.676886 0.283903 0.0993718 0.027281 0.00496036 
8.53775 8.52526 8.43036 8.13461 7.51301 6.5655 5.44803 4.01259 2.59434 1.45889 0.703001 0.287738 0.098219 0.0258908 0.00441103 
8.53782 8.5259 8.43433 8.15165 7.57072 6.69815 5.70565 4.4369 3.05346 1.83258 0.939259 0.406818 0.145774 0.0401972 0.00708176 
8.53756 8.52508 8.43583 8.16521 7.61848 6.79558 5.88347 4.94153 3.79572 2.59372 1.56246 0.81638 0.366188 0.134054 0.0346401 
8.53693 8.52223 8.43165 8.17187 7.65665 6.88158 5.92928 4.92216 3.75562 2.55172 1.53625 0.802811 0.355229 0.126413 0.0310601 
8.53603 8.51748 8.42224 8.15818 7.64754 6.84036 5.72115 4.35838 2.93197 1.71063 0.854697 0.358468 0.121508 0.0308488 0.0048253 
8.5351 8.51228 8.40838 8.12806 7.57796 6.69234 5.44545 3.95742 2.51484 1.37792 0.643292 0.250838 0.0786391 0.0182345 0.0025442 
8.53435 8.50809 8.39481 8.09439 7.49465 6.55187 5.31291 3.95992 2.61441 1.51647 0.768116 0.334744 0.121796 0.0346545 0.00646062 
8.53395 8.50591 8.38734 8.07088 7.44504 6.49638 5.3927 4.23402 2.95431 1.83473 1.00478 0.477389 0.190979 0.0609857 0.0133418 
8.53394 8.5059 8.38705 8.0671 7.43952 6.52734 5.49086 4.38759 3.16412 2.02579 1.13339 0.533356 0.21497 0.0694828 0.0152361 
8.53423 8.50764 8.39197 8.07658 7.45306 6.535 5.51393 4.54413 3.44372 2.34063 1.41744 0.743531 0.333037 0.120878 0.030956 
8.5347 8.51023 8.399 8.09133 7.48099 6.57348 5.55829 4.57915 3.50189 2.40104 1.47307 0.795993 0.369254 0.138546 0.036825 
8.5352 8.51286 8.40532 8.10377 7.50392 6.62602 5.60155 4.49247 3.28286 2.14316 1.23646 0.619554 0.261943 0.0877659 0.0199333 
8.53563 8.51509 8.41007 8.11107 7.51225 6.62873 5.57482 4.36411 3.07502 1.9189 1.04907 0.493789 0.194025 0.059616 0.0120837 
8.53595 8.51663 8.41322 8.11411 7.50922 6.60894 5.51876 4.26128 2.94234 1.79294 0.954911 0.437357 0.167227 0.0500745 0.00993132 
8.53613 8.51748 8.41495 8.11543 7.50587 6.59222 5.4824 4.20539 2.87514 1.73448 0.91456 0.414913 0.157263 0.0468138 0.00926205 
311
8.29266 8.26589 8.1511 7.84012 7.22627 6.31893 5.22503 3.9865 2.71096 1.62829 0.855101 0.386403 0.145939 0.0432925 0.00852969 
8.2927 8.26613 8.15148 7.83984 7.2202 6.3005 5.1892 3.93861 2.6577 1.58453 0.82639 0.370675 0.13906 0.0410539 0.00806891 
8.29282 8.26672 8.15249 7.83937 7.2109 6.26629 5.12139 3.85663 2.56988 1.51322 0.778403 0.343748 0.126979 0.0367884 0.00702758 
8.29307 8.26793 8.15505 7.84129 7.20467 6.23299 5.06738 3.75525 2.45741 1.41794 0.708598 0.303945 0.109172 0.0306057 0.00560774 
8.29347 8.27 8.15963 7.84864 7.21223 6.23878 5.09248 3.71102 2.38405 1.34177 0.651207 0.273016 0.095466 0.0261655 0.00474611 
8.29406 8.27308 8.16739 7.86646 7.25439 6.33215 5.24598 3.86291 2.4985 1.40552 0.677278 0.277055 0.0944775 0.0248653 0.00422673 
8.29478 8.27691 8.17815 7.89305 7.32078 6.4683 5.49858 4.2706 2.93887 1.76527 0.905694 0.39268 0.140833 0.0388598 0.00684816 
8.2955 8.28092 8.18982 7.92063 7.38093 6.56968 5.66597 4.72996 3.60998 2.45726 1.47568 0.768977 0.344279 0.125909 0.0325319 
8.29604 8.284 8.19893 7.94757 7.44141 6.67102 5.71884 4.70324 3.55377 2.39572 1.43238 0.743618 0.327019 0.115649 0.028209 
8.29625 8.28515 8.20408 7.96058 7.47279 6.68599 5.58613 4.24573 2.84965 1.65962 0.827965 0.346812 0.117415 0.0297702 0.00465059 
8.29607 8.28426 8.20223 7.95613 7.45034 6.612 5.40711 3.94879 2.52075 1.38682 0.649763 0.254147 0.0798928 0.0185704 0.00259695 
8.29553 8.28148 8.19358 7.93511 7.39329 6.51389 5.32613 3.9991 2.65722 1.54919 0.78766 0.344189 0.125471 0.0357493 0.00667205 
8.29477 8.27745 8.1818 7.90455 7.3341 6.44663 5.39161 4.25965 2.99006 1.86632 1.02625 0.489191 0.196214 0.0627852 0.0137603 
8.29399 8.27314 8.17004 7.87782 7.29014 6.42143 5.419 4.33745 3.13335 2.00955 1.12599 0.53031 0.214 0.0692616 0.0152105 
8.29334 8.2696 8.16083 7.85897 7.25658 6.3628 5.35921 4.39469 3.31662 2.24748 1.35752 0.710102 0.317303 0.114914 0.0293646 
8.29291 8.26725 8.15512 7.8492 7.24563 6.34856 5.34165 4.36992 3.3235 2.2707 1.38967 0.749556 0.347197 0.130075 0.0345241 
8.29268 8.26605 8.15207 7.84491 7.24439 6.37099 5.35527 4.26958 3.10691 2.02311 1.1653 0.583257 0.246386 0.0824841 0.0187176 
8.2926 8.26567 8.15089 7.84267 7.24095 6.36335 5.32437 4.14929 2.91552 1.81648 0.992099 0.466634 0.183227 0.0562536 0.0113911 
8.29261 8.26569 8.15075 7.84106 7.2336 6.34245 5.27353 4.05787 2.79677 1.70273 0.906369 0.414887 0.158508 0.047408 0.00938685 
8.29264 8.2658 8.15098 7.84046 7.22897 6.32682 5.2418 4.00917 2.73741 1.6506 0.870094 0.394575 0.149437 0.0444273 0.00877276 
-311
8.29608 8.27691 8.17604 7.88441 7.29189 6.40263 5.31936 4.07711 2.78277 1.67651 0.882769 0.399918 0.15144 0.0450541 0.00890725 
8.29627 8.27784 8.17775 7.88567 7.28656 6.38295 5.27949 4.02369 2.72388 1.6283 0.851192 0.382661 0.143897 0.0425944 0.00839864 
8.29661 8.27944 8.18059 7.88702 7.27745 6.34544 5.20393 3.93239 2.62712 1.55012 0.798818 0.353379 0.13077 0.0379606 0.00726829 
8.29707 8.28159 8.18469 7.88993 7.26981 6.30668 5.14147 3.82062 2.50536 1.44808 0.724789 0.311387 0.11203 0.0314642 0.00577755 
8.29758 8.28404 8.18958 7.8965 7.27418 6.30656 5.1611 3.76944 2.4263 1.36814 0.665373 0.279584 0.098012 0.0269431 0.00490466 
8.29803 8.28638 8.19562 7.91143 7.31253 6.39655 5.31247 3.91984 2.53984 1.43122 0.690947 0.283261 0.0968227 0.0255523 0.00435787 
8.29826 8.28794 8.20188 7.93254 7.37542 6.53389 5.57136 4.3403 2.99358 1.80046 0.924413 0.400962 0.143835 0.0396963 0.0069984 
8.29815 8.28794 8.20551 7.95021 7.42974 6.64128 5.76222 4.85156 3.7395 2.56449 1.54971 0.811872 0.364943 0.133813 0.0346173 
8.29761 8.28556 8.20254 7.95894 7.47129 6.73352 5.8219 4.85322 3.721 2.54105 1.53702 0.806655 0.358259 0.127932 0.0315429 
8.29671 8.28078 8.19277 7.94407 7.45912 6.68785 5.61124 4.29056 2.89751 1.6966 0.850295 0.357527 0.121439 0.0308839 0.00483795 
8.29568 8.27499 8.1772 7.91011 7.38262 6.52944 5.32318 3.87727 2.46949 1.35587 0.634099 0.247605 0.0777161 0.0180372 0.00251883 
8.29475 8.26986 8.1613 7.87211 7.29317 6.38076 5.1791 3.8634 2.55393 1.48345 0.75236 0.328254 0.119557 0.0340498 0.0063539 
8.29416 8.26668 8.15156 7.84528 7.23993 6.32128 5.25022 4.12405 2.88178 1.79265 0.983274 0.467803 0.187354 0.0598886 0.0131146 
8.29398 8.26579 8.14943 7.83908 7.23225 6.35007 5.34646 4.27795 3.09186 1.98485 1.1134 0.525165 0.212124 0.0686966 0.0150909 
8.29414 8.26691 8.15304 7.84674 7.24411 6.35728 5.36958 4.42955 3.36345 2.2921 1.39162 0.731624 0.32835 0.119386 0.0306243 
8.29454 8.26915 8.15927 7.86015 7.27002 6.39329 5.41116 4.46183 3.41774 2.34885 1.44433 0.782049 0.363418 0.136553 0.0363413 
8.29502 8.27167 8.16528 7.87188 7.29155 6.44295 5.45209 4.37856 3.20608 2.09822 1.21341 0.609303 0.258085 0.0866111 0.0196994 
8.29546 8.27392 8.17005 7.87908 7.29956 6.44547 5.42645 4.25524 3.00554 1.88054 1.03068 0.486224 0.191425 0.0589178 0.0119608 
8.2958 8.27555 8.17335 7.88235 7.29698 6.42671 5.37274 4.15624 2.87712 1.75799 0.938686 0.430894 0.165076 0.0495131 0.00983477 
8.29599 8.27647 8.17523 7.88388 7.29403 6.41089 5.3379 4.10234 2.81196 1.70102 0.899198 0.408854 0.155263 0.0462943 0.00917263 
221
5.7974 5.78371 5.71886 5.53613 5.16435 4.59527 3.88493 3.0507 2.14891 1.33789 0.726208 0.337867 0.130891 0.0397084 0.00798806 
5.7975 5.7842 5.71983 5.53698 5.16179 4.5844 3.861 3.01597 2.10814 1.30234 0.701757 0.32395 0.124616 0.0376129 0.00754631 
5.79769 5.78511 5.7216 5.53842 5.1579 4.56402 3.81568 2.95609 2.04046 1.24429 0.660828 0.300143 0.113629 0.0336423 0.00655718 
5.79796 5.78645 5.72449 5.5416 5.15633 4.54446 3.77871 2.8836 1.95436 1.1673 0.601698 0.2653 0.0976282 0.0279623 0.00522638 
5.7983 5.78818 5.72843 5.54808 5.16369 4.55051 3.79594 2.85462 1.89988 1.10634 0.553699 0.238621 0.0854831 0.0239393 0.00443085 
5.79866 5.79013 5.73356 5.5602 5.19227 4.61361 3.9035 2.96723 1.98921 1.15867 0.576095 0.242304 0.0846695 0.0227693 0.00394885 
5.79896 5.79187 5.7391 5.57583 5.23443 4.70453 4.0769 3.25768 2.32063 1.44417 0.764956 0.341134 0.125387 0.0353488 0.0063535 
5.79911 5.79288 5.74318 5.58858 5.26823 4.76945 4.19173 3.57753 2.81614 1.99006 1.23785 0.665758 0.306507 0.114876 0.0303475 
5.79902 5.79258 5.74355 5.59629 5.29469 4.82511 4.22854 3.56892 2.79016 1.95814 1.21673 0.654086 0.296714 0.10791 0.0270326 
5.79868 5.79075 5.7402 5.5921 5.29592 4.81425 4.12406 3.23961 2.25838 1.36632 0.705605 0.304561 0.105795 0.027429 0.00437274 
5.79818 5.788 5.73314 5.5774 5.26231 4.73886 3.96959 2.99316 1.97923 1.12682 0.544296 0.21854 0.0702442 0.0166414 0.00236765 
5.79762 5.78505 5.72458 5.55784 5.21529 4.65622 3.88507 2.98864 2.0481 1.23283 0.645604 0.289612 0.108031 0.0314136 0.00597458 
5.79715 5.78259 5.71765 5.54015 5.18017 4.61332 3.91987 3.15697 2.28451 1.47254 0.834671 0.408793 0.167893 0.0548647 0.0122627 
5.79685 5.78101 5.71354 5.53043 5.16424 4.61194 3.95577 3.23529 2.40987 1.6 0.926422 0.449077 0.185997 0.0616004 0.0138167 
5.79674 5.78047 5.71218 5.52727 5.15706 4.59393 3.93915 3.29118 2.55809 1.79755 1.12481 0.607496 0.279325 0.103767 0.0271548 
5.7968 5.78072 5.71283 5.52862 5.16072 4.59856 3.94494 3.2926 2.57725 1.82586 1.15745 0.644613 0.307171 0.117993 0.0320527 
5.79694 5.78144 5.71432 5.53139 5.16681 4.62006 3.96423 3.24083 2.43474 1.64415 0.980491 0.506313 0.219814 0.0753788 0.0174878 
5.79712 5.78231 5.71601 5.5337 5.16894 4.61966 3.94878 3.16412 2.30132 1.48715 0.84048 0.407522 0.164317 0.0516359 0.0106824 
5.79726 5.78304 5.71748 5.53501 5.16703 4.60877 3.91687 3.10148 2.21385 1.39771 0.769457 0.362852 0.142269 0.0435327 0.00880334 
5.79736 5.78348 5.71843 5.53581 5.16544 4.59987 3.89601 3.06699 2.16905 1.35592 0.738922 0.345069 0.134073 0.0407681 0.0082203 
113
3.27843 3.27439 3.25468 3.19754 3.07493 2.86742 2.57905 2.21198 1.76726 1.27326 0.802278 0.429738 0.189208 0.0644066 0.0144256 
3.27851 3.2748 3.25563 3.199 3.07613 2.86638 2.57239 2.19732 1.74492 1.24737 0.779532 0.413787 0.180704 0.0611482 0.0136498 
3.27865 3.27554 3.25736 3.20173 3.07856 2.86454 2.56004 2.17111 1.70592 1.2038 0.74019 0.38586 0.165663 0.0549638 0.0119193 
3.27885 3.27657 3.25986 3.20595 3.08329 2.86487 2.54995 2.14305 1.65675 1.14483 0.680805 0.343724 0.143237 0.0459244 0.00954223 
3.27907 3.27778 3.26293 3.2118 3.09229 2.8756 2.56295 2.14292 1.63238 1.0983 0.632928 0.311883 0.126209 0.039458 0.00809911 
3.27928 3.27894 3.26609 3.21892 3.1075 2.9065 2.61979 2.21637 1.70469 1.152 0.662234 0.31911 0.126221 0.0379323 0.00729715 
3.27941 3.27969 3.26838 3.22515 3.12389 2.94485 2.6971 2.35885 1.91059 1.3793 0.847535 0.435241 0.182104 0.0577233 0.0115769 
3.2794 3.27969 3.26869 3.22714 3.13142 2.96401 2.73469 2.46786 2.13359 1.71893 1.23365 0.764 0.402337 0.170975 0.0509372 
3.27922 3.27873 3.26643 3.22453 3.13142 2.97224 2.74772 2.46604 2.12138 1.70051 1.22365 0.759865 0.394881 0.162813 0.0459278 
3.27889 3.27693 3.2622 3.21755 3.12427 2.96605 2.72599 2.3744 1.89743 1.33904 0.806657 0.401867 0.158745 0.0461515 0.0081849 
3.27848 3.27476 3.25692 3.20784 3.10777 2.93605 2.66573 2.26156 1.73069 1.15289 0.648597 0.299346 0.1089 0.0287872 0.00453281 
3.2781 3.27278 3.25194 3.19795 3.08775 2.8979 2.60969 2.21146 1.72493 1.2012 0.727357 0.373903 0.157897 0.0513909 0.0108715 
3.27782 3.27138 3.24847 3.19052 3.07347 2.87632 2.59934 2.25329 1.83825 1.3646 0.895179 0.504223 0.235438 0.0865392 0.0216424 
3.2777 3.27074 3.24686 3.18689 3.06664 2.86969 2.60216 2.283 1.89927 1.44908 0.972248 0.541355 0.256403 0.096141 0.0242587 
3.27772 3.27084 3.24691 3.18619 3.06339 2.86016 2.58582 2.27171 1.92857 1.54191 1.11577 0.695251 0.366646 0.154688 0.0457503 
3.27785 3.27144 3.24814 3.1877 3.06433 2.85896 2.58372 2.2685 1.92785 1.55273 1.13781 0.733495 0.40154 0.175215 0.0537807 
3.27802 3.27229 3.24995 3.19039 3.0677 2.86529 2.59369 2.26997 1.89298 1.46207 1.01085 0.604093 0.300568 0.116733 0.0304585 
3.27819 3.27313 3.25181 3.19322 3.07097 2.86838 2.5942 2.25253 1.8424 1.37361 0.902159 0.505603 0.232916 0.0825887 0.0191358 
3.27832 3.2738 3.25332 3.19549 3.07315 2.86845 2.58748 2.23185 1.80073 1.31519 0.841362 0.457684 0.204416 0.0703439 0.0158759 
3.27839 3.2742 3.25424 3.19688 3.07438 2.86783 2.58198 2.21859 1.77786 1.28614 0.813941 0.437887 0.193486 0.0660557 0.0148386 
213
3.28115 3.27652 3.25576 3.19716 3.07284 2.86373 2.57426 2.20689 1.7627 1.2698 0.800061 0.428545 0.18868 0.0642253 0.0143841 
3.28124 3.27697 3.25679 3.19872 3.07415 2.86279 2.56768 2.19232 1.74046 1.24401 0.777394 0.412645 0.180202 0.0609756 0.0136102 
3.28139 3.27778 3.25868 3.20168 3.07685 2.8612 2.55556 2.16628 1.70159 1.20054 0.73813 0.384768 0.165186 0.0548016 0.011883 
3.28161 3.27895 3.26147 3.20636 3.08215 2.86211 2.54592 2.13848 1.65254 1.1416 0.678769 0.342651 0.142771 0.0457682 0.00950811 
3.28188 3.28037 3.26502 3.21301 3.09221 2.87399 2.55982 2.13883 1.62826 1.09499 0.630779 0.310721 0.125701 0.0392877 0.00806175 
3.28214 3.2818 3.26886 3.22135 3.1092 2.90699 2.6186 2.21362 1.70115 1.14872 0.6599 0.317799 0.125635 0.0377379 0.0072565 
3.28233 3.28287 3.27198 3.22917 3.12816 2.94888 2.70006 2.36017 1.91033 1.37801 0.846035 0.434113 0.181478 0.0574759 0.0115175 
3.28238 3.28316 3.27307 3.23279 3.13858 2.97268 2.74452 2.47833 2.14401 1.72855 1.24141 0.769225 0.405195 0.172178 0.051274 
3.28223 3.28238 3.27129 3.23117 3.14043 2.98412 2.76272 2.48408 2.14166 1.72091 1.24127 0.77259 0.402288 0.16618 0.046972 
3.28189 3.28058 3.26701 3.224 3.13272 2.97659 2.73818 2.38719 1.90927 1.34837 0.812736 0.405063 0.160052 0.04654 0.00825473 
3.28145 3.27821 3.26116 3.213 3.11363 2.94192 2.67056 2.26447 1.73157 1.15247 0.647795 0.298738 0.108602 0.0286893 0.00451483 
3.28101 3.2759 3.25531 3.20138 3.09064 2.89929 2.60864 2.2077 1.71929 1.19537 0.722789 0.371107 0.156563 0.0509173 0.0107648 
3.28066 3.27413 3.25098 3.19242 3.07419 2.8752 2.59586 2.24748 1.83088 1.35724 0.889258 0.500353 0.233411 0.0857284 0.0214261 
3.28048 3.27318 3.24866 3.18768 3.0661 2.8676 2.59866 2.27856 1.89466 1.44514 0.969501 0.539823 0.2557 0.0958913 0.0241995 
3.28046 3.27306 3.24822 3.18626 3.06206 2.85755 2.58236 2.26794 1.92488 1.53862 1.11318 0.693501 0.365652 0.154245 0.0456143 
3.28056 3.27354 3.24918 3.18735 3.06248 2.8558 2.57966 2.26399 1.92318 1.54821 1.13394 0.730644 0.399792 0.174368 0.0534937 
3.28072 3.27434 3.25089 3.18986 3.06556 2.8617 2.58907 2.26484 1.88791 1.4576 1.00741 0.601858 0.299378 0.116243 0.0303235 
3.28089 3.2752 3.25276 3.19267 3.06874 2.86461 2.58936 2.24728 1.83746 1.36962 0.899399 0.504008 0.232167 0.0823198 0.019073 
3.28103 3.2759 3.25433 3.19501 3.07096 2.86468 2.58262 2.22666 1.796 1.31153 0.838957 0.456364 0.203824 0.0701393 0.0158293 
3.28111 3.27632 3.25529 3.19645 3.07225 2.8641 2.57717 2.21346 1.77325 1.28262 0.811673 0.436661 0.192943 0.0658688 0.0147959 
-213
3.27579 3.27232 3.25366 3.19798 3.07706 2.87115 2.58386 2.21709 1.77184 1.27673 0.804504 0.430936 0.189737 0.0645885 0.0144672 
3.27586 3.2727 3.25454 3.19934 3.07816 2.87001 2.57712 2.20235 1.74939 1.25074 0.781677 0.414933 0.181209 0.0613214 0.0136895 
3.27599 3.27337 3.25611 3.20184 3.08031 2.86791 2.56455 2.17596 1.71026 1.20707 0.742258 0.386955 0.166142 0.0551265 0.0119557 
3.27616 3.27427 3.25832 3.2056 3.08448 2.86767 2.55401 2.14764 1.66099 1.14808 0.682849 0.344801 0.143705 0.0460813 0.00957649 
3.27634 3.27527 3.26092 3.21066 3.09242 2.87727 2.56613 2.14705 1.63653 1.10164 0.635089 0.313051 0.12672 0.0396293 0.00813667 
3.2765 3.27615 3.2634 3.21656 3.10587 2.90609 2.62105 2.21919 1.70828 1.15533 0.664592 0.320433 0.126812 0.0381281 0.00733806 
3.27657 3.27659 3.26487 3.22122 3.11973 2.94095 2.69428 2.35768 1.911 1.38071 0.84912 0.436414 0.182749 0.057976 0.0116373 
3.27651 3.27629 3.2644 3.2216 3.12439 2.95551 2.72509 2.4577 2.12356 1.70972 1.22626 0.759046 0.399633 0.169838 0.0506198 
3.2763 3.27516 3.26167 3.21799 3.12256 2.96056 2.73301 2.44841 2.10162 1.68068 1.20656 0.747543 0.387714 0.159558 0.044919 
3.27597 3.27337 3.25749 3.21121 3.11596 2.9557 2.71402 2.36187 1.88585 1.32993 0.800717 0.398744 0.157468 0.0457718 0.00811659 
3.27559 3.2714 3.25278 3.20279 3.10203 2.93032 2.66105 2.25879 1.7299 1.15339 0.649435 0.29997 0.109203 0.0288864 0.00455099 
3.27527 3.26974 3.24865 3.19462 3.08495 2.8966 2.61084 2.21532 1.73066 1.20711 0.731983 0.376734 0.159247 0.0518701 0.0109795 
3.27506 3.2687 3.24605 3.1887 3.07281 2.87752 2.6029 2.2592 1.84572 1.37205 0.901172 0.508141 0.23749 0.0873604 0.0218614 
3.275 3.26837 3.24514 3.18616 3.06725 2.87183 2.60572 2.28749 1.90392 1.45305 0.97502 0.5429 0.257111 0.0963924 0.0243183 
3.27507 3.26869 3.24566 3.18618 3.06477 2.86281 2.58932 2.27552 1.93228 1.54523 1.11837 0.697013 0.367645 0.155134 0.0458871 
3.27522 3.26942 3.24717 3.1881 3.06622 2.86216 2.5878 2.27303 1.93253 1.55727 1.14171 0.736363 0.403299 0.176068 0.0540697 
3.27539 3.2703 3.24908 3.19098 3.06989 2.86891 2.59834 2.27512 1.89807 1.46656 1.0143 0.606339 0.301764 0.117226 0.0305942 
3.27556 3.27114 3.25092 3.19382 3.07324 2.87217 2.59907 2.25781 1.84735 1.37763 0.904928 0.507204 0.233668 0.0828587 0.0191989 
3.27568 3.27178 3.25238 3.19604 3.07538 2.87225 2.59236 2.23707 1.80547 1.31887 0.843775 0.45901 0.20501 0.0705492 0.0159227 
3.27576 3.27215 3.25324 3.19735 3.07655 2.87158 2.58683 2.22375 1.78249 1.28966 0.816217 0.439118 0.194031 0.0662432 0.0148814 
223
3.09179 3.08806 3.06984 3.01698 2.90338 2.71055 2.44169 2.09891 1.68278 1.21787 0.771255 0.415227 0.183704 0.0628136 0.0141289 
3.09187 3.08845 3.07075 3.01838 2.90458 2.7097 2.43561 2.0853 1.66184 1.19337 0.749544 0.399881 0.17547 0.0596415 0.01337 
3.092 3.08915 3.07239 3.021 2.90698 2.70821 2.42437 2.06097 1.62522 1.1521 0.711939 0.372986 0.160898 0.05362 0.0116773 
3.09218 3.09013 3.07477 3.02503 2.91156 2.7088 2.4152 2.03501 1.57912 1.09621 0.655076 0.332359 0.139153 0.0448112 0.00935016 
3.0924 3.09128 3.07768 3.03058 2.92013 2.71908 2.42754 2.03543 1.55659 1.05213 0.609249 0.301677 0.122642 0.0385073 0.00793648 
3.0926 3.09237 3.08065 3.03727 2.93441 2.74802 2.48089 2.10479 1.62534 1.10359 0.637579 0.308754 0.1227 0.037034 0.00715377 
3.09272 3.09307 3.08279 3.04307 2.94964 2.78376 2.55303 2.23808 1.81932 1.31949 0.814883 0.42061 0.176845 0.0563119 0.0113431 
3.09271 3.09306 3.08304 3.04483 2.95646 2.80135 2.58765 2.33847 2.02681 1.63882 1.18154 0.735332 0.389161 0.166174 0.0497417 
3.09254 3.09214 3.08087 3.04223 2.95615 2.80856 2.59967 2.33692 2.01538 1.62155 1.17235 0.731692 0.382159 0.15833 0.0448726 
3.09222 3.09043 3.07684 3.03558 2.94927 2.80274 2.5802 2.25351 1.80792 1.28213 0.776473 0.388857 0.154358 0.045077 0.00802832 
3.09183 3.08837 3.07184 3.02641 2.93379 2.77478 2.52425 2.14831 1.65115 1.10554 0.625277 0.290068 0.106025 0.0281479 0.00445013 
3.09147 3.08649 3.06713 3.0171 2.91503 2.73903 2.47129 2.09976 1.64385 1.14998 0.699791 0.361505 0.153376 0.0501381 0.0106513 
3.09121 3.08517 3.06386 3.01012 2.90165 2.71873 2.46074 2.13738 1.74922 1.30408 0.859653 0.486632 0.228316 0.0843039 0.0211774 
3.09109 3.08457 3.06235 3.00671 2.89523 2.71232 2.46292 2.16474 1.80619 1.38373 0.932909 0.521997 0.248475 0.0936169 0.0237324 
3.09112 3.08467 3.06241 3.00608 2.89219 2.70338 2.44738 2.1531 1.83183 1.46969 1.06843 0.669062 0.354625 0.15035 0.0446827 
3.09124 3.08525 3.0636 3.00753 2.8931 2.70222 2.44529 2.14993 1.83066 1.47956 1.08917 0.705714 0.388314 0.170275 0.052517 
3.0914 3.08606 3.06533 3.01011 2.89632 2.7081 2.45465 2.152 1.79957 1.39533 0.969334 0.582275 0.291188 0.113635 0.0297883 
3.09156 3.08686 3.0671 3.01283 2.89948 2.71111 2.45537 2.13634 1.75286 1.31252 0.866361 0.488065 0.225965 0.0805005 0.0187361 
3.09168 3.0875 3.06855 3.01502 2.90162 2.71134 2.44935 2.11735 1.71406 1.25747 0.808518 0.442087 0.198421 0.0685935 0.0155485 
3.09176 3.08788 3.06942 3.01634 2.90284 2.71087 2.44436 2.10506 1.6927 1.23004 0.782381 0.423063 0.187845 0.0644192 0.0145332 
323
1.39217 1.39014 1.38247 1.36206 1.31931 1.24559 1.13997 1.00429 0.837296 0.639848 0.432071 0.248794 0.117507 0.0427278 0.0101946 
1.3922 1.3903 1.38286 1.36273 1.3201 1.24592 1.1386 0.999901 0.829444 0.62939 0.421554 0.240452 0.112597 0.0406859 0.00967181 
1.39226 1.39061 1.38362 1.36406 1.32174 1.24671 1.13625 0.99209 0.815444 0.61134 0.402794 0.225504 0.103787 0.0367748 0.00849693 
1.39234 1.39107 1.38478 1.3662 1.32465 1.24892 1.13491 0.984373 0.798067 0.586348 0.373166 0.202107 0.0902119 0.0308691 0.00683026 
1.39246 1.39167 1.38633 1.36921 1.3295 1.25518 1.14193 0.988404 0.791815 0.566561 0.349091 0.184326 0.0797368 0.0265417 0.00578744 
1.39258 1.39234 1.38807 1.37284 1.33657 1.26833 1.16533 1.02062 0.826156 0.594812 0.366421 0.189444 0.0802124 0.0256858 0.00525097 
1.39269 1.39292 1.38961 1.37619 1.34376 1.28379 1.19511 1.07543 0.911189 0.699261 0.460597 0.25436 0.11429 0.0387604 0.00829774 
1.39275 1.39326 1.39045 1.37796 1.34752 1.29158 1.20879 1.1089 0.987371 0.831147 0.632227 0.41841 0.236232 0.107641 0.0343993 
1.39275 1.39322 1.39031 1.37799 1.3485 1.29517 1.21552 1.11194 0.983988 0.82383 0.629309 0.417955 0.232873 0.102805 0.0310092 
1.39267 1.39277 1.38927 1.37645 1.34759 1.29648 1.21676 1.09628 0.921025 0.693524 0.449432 0.241176 0.102268 0.0317555 0.00599956 
1.39252 1.39201 1.38751 1.3735 1.34326 1.28926 1.20169 1.06312 0.862502 0.616821 0.374551 0.186414 0.0728002 0.0205425 0.00344217 
1.39234 1.39112 1.38538 1.36956 1.33604 1.27577 1.18 1.03832 0.851455 0.631517 0.410178 0.22642 0.102432 0.0355915 0.00802558 
1.39218 1.39029 1.38335 1.36551 1.32885 1.26493 1.1692 1.04304 0.886969 0.697988 0.490245 0.296729 0.148703 0.0585112 0.0156568 
1.39207 1.38967 1.38176 1.36223 1.32297 1.25678 1.16183 1.04403 0.901791 0.726109 0.52062 0.310608 0.158295 0.06378 0.0172796 
1.39201 1.38935 1.38083 1.36005 1.31842 1.24805 1.14759 1.02642 0.892763 0.743511 0.570826 0.380248 0.215326 0.097495 0.030963 
1.39201 1.38931 1.3806 1.35922 1.31629 1.24364 1.14107 1.01816 0.884064 0.739549 0.574443 0.396679 0.233442 0.109346 0.0360395 
1.39204 1.38946 1.38088 1.35949 1.31631 1.24362 1.14226 1.0191 0.876726 0.710205 0.522765 0.335491 0.179535 0.0748216 0.0209233 
1.39209 1.3897 1.38141 1.36031 1.31725 1.24451 1.14283 1.0157 0.861969 0.678828 0.476971 0.287524 0.142407 0.0541113 0.0134093 
1.39213 1.38992 1.38194 1.36118 1.31827 1.24513 1.1417 1.01015 0.84857 0.656374 0.44989 0.263218 0.126243 0.0464659 0.0111893 
1.39216 1.39007 1.38229 1.36176 1.31896 1.24544 1.14058 1.00627 0.84094 0.64496 0.437426 0.253021 0.119966 0.0437636 0.0104766 
-323
1.3898 1.38928 1.38436 1.36786 1.32983 1.26095 1.15942 1.02629 0.859526 0.659491 0.446932 0.258203 0.12235 0.0446426 0.0106942 
1.38984 1.3895 1.38488 1.3687 1.33077 1.26126 1.15771 1.02112 0.850486 0.647655 0.435153 0.24894 0.116917 0.0423823 0.0101133 
1.38991 1.38987 1.38575 1.37015 1.33239 1.26173 1.15452 1.01182 0.834482 0.627447 0.414461 0.23259 0.107303 0.0381157 0.00883209 
1.39 1.39034 1.38688 1.3721 1.33482 1.26301 1.15169 1.00219 0.814934 0.600326 0.382957 0.207895 0.0930168 0.0319091 0.00708084 
1.39009 1.3908 1.38806 1.37436 1.33842 1.26748 1.15668 1.00438 0.807167 0.579325 0.358082 0.189709 0.0823614 0.0275252 0.00602975 
1.39014 1.39111 1.38893 1.37646 1.34324 1.2779 1.17743 1.03456 0.84037 0.607216 0.375425 0.194842 0.0828202 0.0266301 0.00546907 
1.39013 1.39109 1.38906 1.37741 1.34713 1.28949 1.20338 1.08629 0.923711 0.711473 0.470224 0.260455 0.117344 0.0398956 0.00856238 
1.39004 1.39062 1.38802 1.37601 1.34654 1.29227 1.21206 1.11595 0.998863 0.846271 0.648454 0.432213 0.24551 0.112406 0.0360552 
1.38987 1.3897 1.38579 1.3724 1.34232 1.28961 1.21256 1.11386 0.99264 0.838796 0.647156 0.434013 0.243975 0.108598 0.0330385 
1.38964 1.38849 1.38286 1.36734 1.33587 1.28325 1.20422 1.08703 0.916654 0.693495 0.451584 0.243409 0.103628 0.0322988 0.00612315 
1.38942 1.3873 1.37993 1.36197 1.32717 1.26898 1.17893 1.04074 0.843502 0.603097 0.366253 0.182308 0.0711994 0.0200895 0.00336561 
1.38925 1.38643 1.37776 1.35767 1.3188 1.25289 1.15266 1.00944 0.825013 0.610881 0.396651 0.219079 0.0992155 0.034516 0.00779259 
1.38918 1.38605 1.37684 1.35562 1.31461 1.2459 1.14599 1.01766 0.862538 0.677601 0.475661 0.287935 0.144368 0.0568471 0.0152213 
1.3892 1.38617 1.37712 1.35597 1.31475 1.24657 1.15016 1.03216 0.891411 0.718474 0.515972 0.308521 0.157463 0.0635031 0.0172125 
1.38929 1.38665 1.37825 1.35781 1.3169 1.24782 1.14933 1.03097 0.901016 0.755208 0.583859 0.391762 0.223233 0.101624 0.032435 
1.38942 1.38731 1.37979 1.36034 1.32022 1.2512 1.15294 1.03473 0.905044 0.763279 0.597441 0.415319 0.245789 0.115706 0.0383066 
1.38955 1.38798 1.38133 1.36291 1.32373 1.25582 1.15959 1.0413 0.902355 0.736211 0.545354 0.351843 0.189105 0.079105 0.0221955 
1.38966 1.38855 1.38264 1.36507 1.32653 1.25886 1.16215 1.0391 0.887356 0.702915 0.496419 0.300544 0.149405 0.056957 0.0141586 
1.38974 1.38895 1.38359 1.36661 1.32839 1.26026 1.16136 1.03307 0.872447 0.678115 0.466776 0.274135 0.131942 0.0487329 0.0117789 
1.38978 1.38918 1.38412 1.36746 1.32938 1.26077 1.16014 1.02861 0.863718 0.665274 0.452918 0.262893 0.125067 0.0457849 0.0110043 
313
1.35077 1.34904 1.34206 1.323 1.28251 1.21209 1.11062 0.979734 0.818148 0.626493 0.424055 0.244792 0.115906 0.0422473 0.0101041 
1.3508 1.34918 1.34242 1.32361 1.28325 1.2124 1.10929 0.975485 0.810523 0.616304 0.413768 0.2366 0.111069 0.0402308 0.00958655 
1.35085 1.34945 1.3431 1.32482 1.28474 1.21309 1.107 0.967907 0.796934 0.598733 0.39543 0.221935 0.102401 0.0363721 0.00842422 
1.35092 1.34985 1.34412 1.32672 1.28735 1.21505 1.10556 0.960384 0.780105 0.574449 0.366487 0.198997 0.0890518 0.0305482 0.00677605 
1.35101 1.35036 1.34544 1.32934 1.29165 1.22066 1.11197 0.964136 0.77408 0.555266 0.343038 0.181629 0.0787818 0.0262918 0.00574761 
1.35111 1.3509 1.34686 1.33238 1.29779 1.23252 1.13376 0.99476 0.807186 0.582821 0.360127 0.186762 0.0793149 0.0254702 0.00522109 
1.35119 1.35134 1.34803 1.33499 1.30373 1.24604 1.16083 1.04602 0.888132 0.68348 0.451645 0.250254 0.112826 0.0383898 0.0082449 
1.35124 1.35155 1.34853 1.33606 1.30622 1.25175 1.17138 1.07457 0.957237 0.806527 0.614336 0.407294 0.230459 0.105277 0.033742 
1.35122 1.35144 1.34819 1.33568 1.30641 1.25394 1.1759 1.07467 0.950034 0.794741 0.606892 0.403057 0.224667 0.0992352 0.0299445 
1.35114 1.35099 1.34718 1.33422 1.30567 1.25564 1.17816 1.06173 0.892735 0.673212 0.437114 0.235077 0.0999031 0.0310886 0.00588623 
1.35101 1.35032 1.34568 1.33182 1.30241 1.25037 1.16643 1.03367 0.840756 0.603183 0.367534 0.183548 0.071911 0.0203525 0.00341992 
1.35086 1.34958 1.34394 1.32865 1.29653 1.23902 1.14771 1.01221 0.832544 0.619716 0.404054 0.22387 0.101629 0.0354239 0.00801136 
1.35073 1.34891 1.3423 1.32532 1.29043 1.22955 1.13817 1.01736 0.86736 0.684771 0.482662 0.293184 0.147435 0.0581992 0.0156213 
1.35064 1.34844 1.34104 1.32258 1.28527 1.22208 1.13107 1.0177 0.880474 0.710369 0.510513 0.305301 0.155976 0.0629969 0.0171082 
1.35061 1.34822 1.34035 1.32078 1.28121 1.2139 1.11729 1.00027 0.870889 0.726353 0.558843 0.373208 0.211922 0.0962169 0.0306413 
1.35061 1.34824 1.34024 1.32017 1.2794 1.20989 1.11121 0.99252 0.862786 0.722903 0.562878 0.38981 0.230103 0.108115 0.035746 
1.35065 1.34841 1.34057 1.32053 1.27956 1.21005 1.11261 0.99378 0.856161 0.694876 0.51272 0.329956 0.177077 0.0740039 0.0207521 
1.35069 1.34864 1.34109 1.32134 1.28053 1.21102 1.1133 0.990697 0.842036 0.66446 0.468003 0.282857 0.140465 0.053509 0.0132931 
1.35073 1.34884 1.34158 1.32217 1.28152 1.21165 1.11227 0.985386 0.82908 0.642595 0.441497 0.258966 0.124519 0.0459437 0.0110902 
1.35076 1.34898 1.3419 1.32272 1.28218 1.21196 1.1112 0.981646 0.821684 0.631474 0.429295 0.248944 0.118329 0.043271 0.0103836 
-313
1.3508 1.35008 1.34493 1.32847 1.29116 1.22407 1.12552 0.996685 0.835574 0.642232 0.436219 0.252642 0.120011 0.0438932 0.0105386 
1.35084 1.3503 1.34546 1.32933 1.29213 1.22443 1.12394 0.991751 0.82688 0.63079 0.424779 0.243604 0.114692 0.0416727 0.00996626 
1.35092 1.35069 1.34637 1.33083 1.29383 1.22504 1.12102 0.982881 0.81147 0.611215 0.404634 0.227622 0.105263 0.0374771 0.00870339 
1.35101 1.35119 1.34759 1.33292 1.29644 1.22657 1.11856 0.973768 0.792651 0.584887 0.373886 0.203433 0.0912282 0.0313641 0.00697467 
1.35111 1.35172 1.34891 1.33543 1.30037 1.23143 1.12384 0.976239 0.785305 0.564469 0.349546 0.185565 0.0807283 0.0270327 0.00593333 
1.35119 1.35213 1.35003 1.33795 1.30575 1.24238 1.14478 1.00619 0.817961 0.591773 0.366476 0.190547 0.0811453 0.0261389 0.0053778 
1.3512 1.35224 1.35047 1.33948 1.3105 1.25498 1.17156 1.05797 0.900258 0.694218 0.459498 0.254941 0.11505 0.0391768 0.00842083 
1.35113 1.3519 1.34977 1.33875 1.31102 1.25939 1.18253 1.08998 0.977075 0.829482 0.637269 0.426032 0.242701 0.111408 0.0358152 
1.35098 1.35108 1.34779 1.33562 1.3076 1.25796 1.18493 1.09095 0.975116 0.827126 0.641042 0.432014 0.243995 0.109105 0.0333481 
1.35076 1.3499 1.34494 1.33066 1.30117 1.25136 1.17601 1.06354 0.898967 0.682042 0.44549 0.240859 0.102836 0.0321363 0.00610751 
1.35053 1.34867 1.3419 1.32498 1.2918 1.23586 1.14884 1.01491 0.823402 0.589529 0.358595 0.178807 0.0699533 0.0197698 0.00331744 
1.35034 1.3477 1.33946 1.32015 1.28257 1.21857 1.12101 0.981605 0.802191 0.594158 0.386081 0.213477 0.0968083 0.033729 0.00762754 
1.35024 1.3472 1.33822 1.31756 1.27764 1.21073 1.11339 0.988349 0.837467 0.658097 0.462364 0.280233 0.140707 0.0554931 0.014885 
1.35024 1.34718 1.3382 1.31744 1.27721 1.21086 1.11719 1.00265 0.86642 0.699239 0.503157 0.301548 0.154307 0.0623971 0.0169584 
1.35031 1.34756 1.3391 1.31891 1.27893 1.21177 1.11626 1.00158 0.875775 0.734812 0.569083 0.382644 0.218543 0.099728 0.0319093 
1.35042 1.34815 1.34048 1.32119 1.28191 1.21478 1.11945 1.00485 0.87921 0.741997 0.581609 0.405066 0.240218 0.113316 0.0375936 
1.35055 1.34878 1.34194 1.3236 1.28519 1.21906 1.12563 1.01099 0.876596 0.716034 0.531332 0.343534 0.185065 0.0775924 0.021821 
1.35065 1.34934 1.34321 1.32569 1.28788 1.22196 1.12805 1.0089 0.862259 0.684074 0.484133 0.293816 0.146427 0.0559587 0.0139442 
1.35073 1.34974 1.34415 1.32721 1.28971 1.22333 1.12733 1.00315 0.847975 0.660197 0.455457 0.268155 0.129389 0.0479059 0.0116064 
1.35078 1.34997 1.34468 1.32807 1.29071 1.22387 1.12619 0.99889 0.839602 0.647814 0.442027 0.257211 0.12267 0.0450144 0.0108439 
2212
0.658202 0.657319 0.654067 0.645541 0.627821 0.597285 0.553862 0.498919 0.430383 0.343956 0.24436 0.14829 0.0737645 0.028225 0.00709733 
0.658229 0.65746 0.654409 0.646139 0.628636 0.598048 0.553901 0.497326 0.426683 0.338357 0.238174 0.143002 0.0704499 0.0267613 0.00669836 
0.658277 0.657718 0.655042 0.647266 0.630194 0.599541 0.554119 0.494637 0.420285 0.328905 0.227276 0.1336 0.0645063 0.0239433 0.00579762 
0.658347 0.658089 0.655966 0.648961 0.632656 0.602174 0.55542 0.493032 0.413467 0.316853 0.211031 0.119795 0.0559991 0.0200354 0.00463627 
0.658431 0.658543 0.657118 0.651168 0.636205 0.606937 0.561121 0.498311 0.413932 0.309172 0.199587 0.110619 0.0502072 0.0175231 0.0040099 
0.658516 0.659004 0.658313 0.653586 0.640631 0.614647 0.574318 0.516894 0.434458 0.327021 0.21129 0.114706 0.0509286 0.0170697 0.00365143 
0.658581 0.659353 0.659229 0.65553 0.644539 0.622496 0.588751 0.542948 0.475764 0.380561 0.262227 0.151655 0.0712818 0.0252344 0.00563443 
0.658601 0.659461 0.6595 0.656117 0.645795 0.625072 0.59275 0.552689 0.503988 0.43806 0.346981 0.240477 0.142318 0.0679026 0.0227048 
0.658562 0.659243 0.658926 0.65508 0.644293 0.623278 0.590218 0.545675 0.490206 0.420324 0.332397 0.230065 0.134006 0.0618954 0.0195639 
0.658464 0.658714 0.657608 0.652672 0.640776 0.618757 0.583377 0.529323 0.450049 0.345196 0.229058 0.126201 0.0549491 0.0175016 0.00339285 
0.658329 0.657999 0.655866 0.649487 0.635675 0.61065 0.569802 0.505649 0.41305 0.298769 0.1841 0.0930951 0.0369187 0.0105533 0.00178881 
0.658188 0.657274 0.654123 0.646302 0.630358 0.601958 0.556858 0.490418 0.403013 0.300802 0.19747 0.110497 0.0507601 0.0179262 0.00411346 
0.658076 0.656696 0.652752 0.643801 0.626473 0.59702 0.552955 0.494458 0.422292 0.335704 0.239253 0.147295 0.0751116 0.0300816 0.00820154 
0.658012 0.65636 0.651936 0.642291 0.624173 0.594635 0.552878 0.50148 0.440569 0.364019 0.269602 0.166548 0.0879318 0.0366412 0.0102482 
0.657998 0.656281 0.651701 0.641724 0.622989 0.592425 0.549606 0.499079 0.445736 0.387321 0.314228 0.222385 0.133734 0.0641481 0.0215188 
0.658024 0.656404 0.651942 0.641993 0.623067 0.591985 0.548991 0.499129 0.447416 0.392379 0.323762 0.238227 0.149107 0.0741092 0.025857 
0.658071 0.656641 0.652468 0.642819 0.624126 0.593327 0.551397 0.502461 0.447465 0.38011 0.295654 0.200867 0.113491 0.0497604 0.0146027 
0.658122 0.656903 0.653075 0.643832 0.625504 0.594961 0.553154 0.502683 0.441724 0.364502 0.270095 0.171864 0.0896366 0.0357536 0.00928463 
0.658164 0.657122 0.653592 0.644719 0.626705 0.596216 0.553722 0.500994 0.435662 0.35276 0.254709 0.157211 0.0794378 0.0307515 0.00779002 
0.65819 0.657254 0.653911 0.64527 0.627453 0.596939 0.553836 0.49963 0.432101 0.34669 0.247494 0.150936 0.0753898 0.0289429 0.00730067 
-2212
0.661874 0.661673 0.659559 0.652316 0.635295 0.603616 0.555382 0.490701 0.409776 0.314418 0.213937 0.124439 0.059396 0.0217942 0.00523309 
0.661883 0.661718 0.659667 0.652484 0.635424 0.603414 0.55433 0.488252 0.405797 0.309331 0.208852 0.12037 0.0569779 0.0207827 0.00497395 
0.661896 0.66179 0.659841 0.652757 0.635618 0.602989 0.55233 0.483682 0.398511 0.300346 0.199652 0.113055 0.0526787 0.0188876 0.00441015 
0.661911 0.661872 0.660042 0.653093 0.635909 0.602573 0.549963 0.478284 0.388979 0.287536 0.184777 0.10128 0.0458033 0.015877 0.00355502 
0.661923 0.661933 0.660206 0.65344 0.636503 0.603213 0.550305 0.47717 0.383639 0.276302 0.171812 0.0917275 0.0401326 0.0134942 0.00296762 
0.661923 0.661939 0.660252 0.653699 0.637551 0.60628 0.557316 0.488365 0.396584 0.287591 0.179059 0.0937421 0.0402268 0.0130446 0.00269811 
0.661907 0.661855 0.660085 0.653647 0.638457 0.610323 0.567699 0.510377 0.433515 0.335438 0.223783 0.125523 0.0573401 0.0197644 0.00429797 
0.661873 0.661673 0.659664 0.653066 0.638256 0.611863 0.572975 0.525853 0.470017 0.398526 0.30644 0.205667 0.117976 0.0546538 0.0177653 
0.661823 0.661412 0.659062 0.652255 0.637879 0.613471 0.578496 0.534277 0.479733 0.409349 0.319882 0.217571 0.1241 0.0559895 0.0172288 
0.661768 0.661129 0.658443 0.65147 0.637837 0.615862 0.583895 0.536535 0.464315 0.362864 0.244869 0.136798 0.0602547 0.0193815 0.00378321 
0.661722 0.660894 0.657917 0.650656 0.636824 0.614259 0.579785 0.525078 0.440845 0.328836 0.208986 0.108844 0.0443882 0.0130566 0.00227866 
0.661696 0.66076 0.657571 0.649851 0.6347 0.608885 0.569264 0.510728 0.430853 0.331631 0.224651 0.129465 0.0610567 0.0220599 0.00516303 
0.661695 0.660748 0.657492 0.649384 0.633057 0.604956 0.563042 0.507988 0.439937 0.356106 0.259086 0.163046 0.0850474 0.0348069 0.00968142 
0.661714 0.660844 0.657671 0.649462 0.632536 0.603362 0.560513 0.506142 0.44058 0.359478 0.262782 0.160376 0.0839287 0.0347637 0.00969362 
0.661747 0.661011 0.658027 0.649909 0.632655 0.602185 0.556663 0.498998 0.432744 0.35842 0.274611 0.183156 0.104291 0.0475638 0.0152685 
0.661784 0.661199 0.658453 0.650547 0.63329 0.602317 0.555971 0.49693 0.429352 0.355489 0.274372 0.189261 0.111795 0.0526269 0.0174754 
0.661817 0.661373 0.658852 0.651189 0.634095 0.603221 0.557317 0.498147 0.427601 0.345507 0.254558 0.164412 0.0889151 0.0375169 0.0106376 
0.661843 0.661509 0.659171 0.651704 0.634707 0.603741 0.557514 0.496725 0.421507 0.332444 0.234944 0.143043 0.0717465 0.0276276 0.00694035 
0.661861 0.661601 0.659388 0.65205 0.635062 0.603791 0.556651 0.493863 0.415309 0.322245 0.222434 0.131466 0.0637697 0.0237197 0.00576302 
0.66187 0.66165 0.659505 0.652234 0.635227 0.603691 0.555831 0.491778 0.411592 0.316868 0.216508 0.126502 0.0606225 0.0223216 0.00538 
2112
0.651344 0.650584 0.647574 0.639439 0.622275 0.59244 0.549779 0.495591 0.427804 0.342147 0.24327 0.147753 0.0735603 0.0281706 0.00708976 
0.651369 0.650717 0.647901 0.640014 0.623064 0.593182 0.54981 0.494007 0.424129 0.336581 0.237115 0.142486 0.0702556 0.0267103 0.00669142 
0.651414 0.65096 0.648499 0.641088 0.624559 0.594617 0.549998 0.491325 0.417779 0.327201 0.226286 0.133133 0.0643369 0.0239013 0.0057926 
0.651479 0.651304 0.649361 0.642682 0.626891 0.597119 0.551203 0.489697 0.411028 0.315272 0.210168 0.119417 0.0558757 0.0200102 0.00463488 
0.651555 0.651716 0.650414 0.644719 0.630204 0.60161 0.556654 0.494827 0.411498 0.307707 0.198865 0.110345 0.0501384 0.0175179 0.00401296 
0.651629 0.65212 0.651469 0.646882 0.634243 0.608819 0.569294 0.512924 0.431705 0.325427 0.210568 0.114477 0.0508964 0.0170804 0.00365814 
0.651682 0.652404 0.65222 0.648505 0.63762 0.615894 0.582731 0.537835 0.471865 0.378023 0.260914 0.151149 0.0711627 0.025233 0.00564302 
0.651692 0.652454 0.652336 0.648775 0.638311 0.61756 0.585386 0.545658 0.49754 0.43248 0.342586 0.237469 0.140598 0.0671321 0.0224722 
0.651646 0.652201 0.651669 0.647545 0.636456 0.615161 0.581885 0.537233 0.48181 0.412338 0.325477 0.224875 0.130804 0.0603433 0.0190491 
0.651549 0.651674 0.650362 0.645171 0.63303 0.610857 0.575527 0.521898 0.443575 0.340195 0.22577 0.124429 0.0542021 0.0172726 0.00335041 
0.65142 0.650999 0.648732 0.642234 0.628416 0.603628 0.563403 0.500356 0.409242 0.296491 0.183016 0.0927079 0.0368251 0.010543 0.00178961 
0.651292 0.65034 0.647161 0.639391 0.623689 0.59585 0.55171 0.486597 0.400651 0.299718 0.197217 0.110596 0.050904 0.0180072 0.00413817 
0.651193 0.649836 0.645967 0.637207 0.620269 0.59148 0.548368 0.491023 0.420075 0.334612 0.238965 0.147411 0.0753118 0.0302125 0.00824982 
0.651142 0.649564 0.645298 0.635937 0.618271 0.589367 0.548387 0.497799 0.437695 0.361947 0.268291 0.165869 0.0876412 0.0365463 0.0102288 
0.651137 0.64953 0.645165 0.635531 0.617282 0.58734 0.545211 0.495337 0.442581 0.384798 0.312443 0.221348 0.133258 0.0639878 0.0214871 
0.651168 0.649678 0.645463 0.635892 0.617486 0.587045 0.544746 0.495548 0.444466 0.390097 0.322253 0.237434 0.148818 0.0740697 0.0258801 
0.651217 0.649924 0.646009 0.636757 0.618605 0.58847 0.547254 0.499011 0.444703 0.378085 0.294381 0.200231 0.113263 0.049717 0.0146062 
0.651267 0.650183 0.646613 0.637771 0.619996 0.590134 0.549057 0.499304 0.43906 0.362589 0.268918 0.171277 0.0894142 0.0356969 0.009278 
0.651308 0.650395 0.647117 0.638641 0.621184 0.591388 0.54964 0.497646 0.433048 0.350905 0.253579 0.15665 0.0792233 0.0306944 0.00778214 
0.651332 0.650522 0.647424 0.639177 0.621917 0.592101 0.549755 0.496297 0.429511 0.344866 0.246391 0.150391 0.0751818 0.0288874 0.00729291 
-2112
0.656143 0.655838 0.653558 0.646132 0.62899 0.597355 0.549417 0.485342 0.405342 0.311148 0.211853 0.123323 0.0589106 0.0216326 0.005198 
0.656153 0.655889 0.653679 0.646317 0.62914 0.59718 0.548399 0.482942 0.401427 0.306131 0.206829 0.119297 0.0565138 0.0206287 0.00494052 
0.656169 0.655974 0.65388 0.646634 0.62939 0.59682 0.54648 0.478469 0.394252 0.297256 0.197722 0.112044 0.0522465 0.0187457 0.00437994 
0.656189 0.656079 0.654133 0.647054 0.629794 0.596539 0.54426 0.473217 0.384868 0.284584 0.182976 0.100356 0.0454139 0.0157515 0.00352893 
0.656207 0.656177 0.654384 0.647548 0.630592 0.597419 0.544827 0.47228 0.379665 0.273469 0.170102 0.09085 0.0397657 0.0133763 0.00294289 
0.656217 0.656233 0.654553 0.64803 0.631966 0.600878 0.552204 0.483731 0.392717 0.284751 0.177296 0.092831 0.0398422 0.0129224 0.00267341 
0.656212 0.656209 0.654537 0.648266 0.633328 0.605538 0.563298 0.506388 0.430085 0.332762 0.221985 0.12451 0.0568712 0.0195994 0.00426121 
0.656187 0.656081 0.654261 0.647977 0.633633 0.607865 0.569706 0.523313 0.468224 0.397454 0.30601 0.20566 0.118106 0.0547575 0.0178065 
0.656144 0.655856 0.653752 0.64735 0.633573 0.609976 0.576002 0.532913 0.479571 0.410307 0.321587 0.219424 0.125529 0.0567989 0.0175313 
0.65609 0.655575 0.653133 0.646544 0.633443 0.612127 0.580899 0.534331 0.462929 0.362226 0.244748 0.136898 0.0603654 0.0194365 0.00379753 
0.656039 0.655308 0.652514 0.645519 0.632006 0.609756 0.575554 0.521158 0.437442 0.326231 0.207315 0.10798 0.044042 0.0129569 0.00226183 
0.656002 0.655117 0.652019 0.644419 0.629384 0.603642 0.564041 0.505594 0.426055 0.327599 0.221747 0.12773 0.0602249 0.0217592 0.00509345 
0.655988 0.65504 0.651782 0.643677 0.627356 0.599267 0.557381 0.502415 0.43464 0.351477 0.255543 0.160751 0.0838328 0.03431 0.00954501 
0.655996 0.655077 0.651828 0.643543 0.626581 0.597463 0.554808 0.500793 0.435832 0.355645 0.2601 0.158844 0.0831993 0.0344947 0.00962826 
0.65602 0.6552 0.652088 0.643842 0.626531 0.596161 0.550959 0.493829 0.428285 0.354812 0.271963 0.181482 0.103398 0.0471866 0.0151581 
0.656052 0.655363 0.652457 0.644388 0.627047 0.596166 0.550142 0.491635 0.424745 0.351667 0.271455 0.187293 0.110666 0.0521099 0.0173087 
0.656084 0.655527 0.652832 0.644987 0.627784 0.596974 0.551357 0.492707 0.422903 0.341759 0.251875 0.162754 0.0880665 0.0371795 0.010548 
0.65611 0.655664 0.653149 0.645492 0.628376 0.597455 0.551506 0.491267 0.416883 0.328896 0.232564 0.141692 0.0711225 0.0274082 0.00689055 
0.656128 0.65576 0.653374 0.645848 0.628736 0.597508 0.550653 0.488446 0.410784 0.318858 0.220236 0.130267 0.0632392 0.023541 0.00572394 
0.656139 0.655813 0.6535 0.646043 0.628913 0.597421 0.549854 0.486399 0.407128 0.313562 0.214391 0.125363 0.0601252 0.0221556 0.00534389 
