111
126.828 124.768 115.959 96.6151 71.6494 49.8561 34.345 22.8507 14.4148 8.84571 5.22569 2.87877 1.41363 0.576781 0.167448 
126.823 124.747 115.916 96.5262 71.3452 49.4683 33.8575 22.4047 13.9688 8.47101 4.93279 2.67169 1.28883 0.517562 0.148351 
126.816 124.708 115.802 96.2033 70.7769 48.681 32.9081 21.7032 13.3115 7.92696 4.50763 2.36745 1.1033 0.425372 0.115711 
126.81 124.65 115.591 95.6718 69.9978 47.73 32.467 21.0617 12.8147 7.56293 4.2251 2.17382 0.992529 0.372333 0.0973723 
126.809 124.586 115.257 95.0084 69.219 47.2414 33.1958 21.128 12.9285 7.70892 4.34823 2.28042 1.05789 0.404853 0.108775 
126.821 124.562 115 94.6917 69.2684 48.1167 34.357 22.0371 13.5954 8.13044 4.58219 2.36017 1.07365 0.396288 0.100275 
126.851 124.664 115.105 94.9504 70.1276 49.2231 35.56 23.7044 14.8311 8.85925 4.98056 2.55529 1.15762 0.427411 0.108016 
126.899 124.936 115.816 96.1904 71.761 50.2693 35.8821 26.1256 17.1436 10.2596 5.80797 3.0501 1.45369 0.596259 0.184308 
126.958 125.308 116.943 98.4597 74.711 53.0702 36.7807 25.9355 16.7543 9.88941 5.49833 2.81267 1.27719 0.486303 0.134399 
127.012 125.657 118.167 100.605 77.2728 54.6512 36.514 23.5977 14.5213 8.48862 4.64959 2.30277 0.978864 0.328762 0.0722675 
127.047 125.89 118.791 101.243 76.9156 53.5203 34.8668 21.7064 13.0248 7.44414 3.96004 1.88466 0.760017 0.237987 0.0475786 
127.053 125.894 118.376 99.812 74.247 50.7071 32.8792 21.0482 12.4946 7.06077 3.77015 1.84875 0.797513 0.281606 0.0688435 
127.029 125.671 117.382 97.6608 71.6001 48.5342 33.1523 22.5093 13.5792 7.8435 4.29826 2.17373 0.97172 0.360394 0.0956613 
126.988 125.36 116.438 96.0398 70.083 48.6038 34.5633 24.5158 16.0612 10.1607 6.21081 3.53771 1.83998 0.806927 0.254859 
126.943 125.117 115.954 95.5508 69.8086 48.0928 33.9998 25.5302 16.9968 10.6582 6.44704 3.66268 1.90258 0.853006 0.289584 
126.903 124.969 115.886 95.9716 70.7981 48.9411 34.2516 25.2284 16.8364 10.3877 6.1436 3.40966 1.71652 0.738169 0.237705 
126.871 124.887 115.954 96.4947 71.7529 50.4963 35.5499 25.0628 16.5708 10.4984 6.4283 3.70722 1.93055 0.848427 0.27161 
126.85 124.838 115.991 96.7117 72.0769 50.6707 35.6021 24.3512 15.8482 10.0321 6.13293 3.50435 1.78332 0.75119 0.223614 
126.837 124.8 115.984 96.6953 71.9035 50.3093 34.9841 23.5206 15.0864 9.41372 5.66725 3.18424 1.59309 0.660242 0.194173 
126.831 124.778 115.974 96.6568 71.7577 50.0105 34.5779 23.0645 14.6313 9.02898 5.36894 2.97843 1.47186 0.604166 0.176562 
211
121.775 119.834 111.65 93.5539 69.8351 48.8466 33.7709 22.5329 14.2478 8.75887 5.18133 2.85722 1.40412 0.573247 0.166505 
121.771 119.819 111.618 93.4799 69.5531 48.4769 33.2991 22.0971 13.8094 8.38911 4.89154 2.65198 1.28028 0.514429 0.147525 
121.766 119.79 111.529 93.1964 69.0259 47.7234 32.3768 21.4099 13.1618 7.85117 4.4702 2.35002 1.09597 0.422787 0.115062 
121.764 119.752 111.36 92.7299 68.3054 46.8143 31.9474 20.7782 12.6692 7.48879 4.18845 2.15681 0.985404 0.369846 0.0967618 
121.769 119.715 111.093 92.1532 67.5953 46.358 32.657 20.8382 12.7752 7.62763 4.30651 2.26019 1.04909 0.401659 0.107957 
121.785 119.724 110.914 91.9205 67.6959 47.2351 33.803 21.7337 13.4307 8.0406 4.535 2.33723 1.06369 0.392756 0.0994135 
121.819 119.851 111.089 92.2649 68.6167 48.3872 35.0356 23.4164 14.6769 8.77465 4.93511 2.53256 1.14743 0.423663 0.107069 
121.868 120.132 111.829 93.5761 70.3658 49.5981 35.5411 25.9586 17.0946 10.2456 5.80407 3.04828 1.45218 0.595129 0.183731 
121.924 120.488 112.923 95.8222 73.363 52.5217 36.6145 25.9485 16.829 9.96095 5.54999 2.84429 1.2935 0.493339 0.136655 
121.972 120.8 114.029 97.7911 75.7483 53.9644 36.2502 23.5197 14.5112 8.49699 4.65947 2.30954 0.982367 0.330125 0.0726063 
122 120.982 114.515 98.2249 75.1745 52.6205 34.4204 21.4823 12.9095 7.38478 3.93058 1.87131 0.754831 0.23641 0.0472723 
121.997 120.944 114.029 96.7121 72.4228 49.7103 32.3357 20.734 12.3248 6.9716 3.72507 1.82757 0.788682 0.278572 0.0681187 
121.968 120.702 113.032 94.5816 69.7902 47.5341 32.5617 22.1456 13.386 7.74335 4.24828 2.15045 0.962034 0.357039 0.0948262 
121.924 120.39 112.114 93.02 68.3265 47.6106 33.9649 24.1573 15.8654 10.0582 6.15846 3.51244 1.82872 0.802643 0.253676 
121.878 120.15 111.642 92.5449 68.064 47.1277 33.4282 25.1528 16.785 10.5477 6.39058 3.63504 1.89005 0.848061 0.288102 
121.84 120.006 111.566 92.9256 68.9949 47.9353 33.6592 24.8386 16.61 10.2666 6.0797 3.3772 1.70121 0.731876 0.235737 
121.812 119.93 111.626 93.4122 69.9016 49.435 34.9203 24.68 16.3528 10.3786 6.36327 3.67328 1.91428 0.841759 0.269606 
121.793 119.889 111.664 93.6229 70.2194 49.6136 34.9806 23.9933 15.6517 9.92557 6.07613 3.47552 1.77009 0.746115 0.222234 
121.782 119.858 111.666 93.6178 70.0663 49.2756 34.3872 23.1857 14.9067 9.3184 5.61753 3.15957 1.58202 0.65607 0.193052 
121.777 119.841 111.662 93.589 69.9347 48.9931 33.996 22.7414 14.4604 8.93956 5.32294 2.95592 1.46187 0.600434 0.175561 
-211
121.603 119.765 111.741 93.7698 70.0854 49.0709 33.9554 22.6686 14.3361 8.81347 5.21363 2.87507 1.41297 0.576909 0.167591 
121.597 119.743 111.698 93.6855 69.7949 48.6949 33.477 22.2279 13.8934 8.44035 4.92141 2.66821 1.28819 0.517661 0.148473 
121.589 119.7 111.584 93.378 69.2499 47.9294 32.5452 21.5359 13.242 7.89954 4.49785 2.36465 1.10288 0.425499 0.115817 
121.581 119.636 111.371 92.8663 68.4972 47.0026 32.1166 20.9069 12.753 7.54032 4.21806 2.17244 0.992752 0.372691 0.0975321 
121.577 119.559 111.031 92.2096 67.7282 46.5205 32.8418 20.9813 12.8741 7.69188 4.34502 2.28139 1.05935 0.405736 0.10909 
121.583 119.512 110.74 91.8433 67.7214 47.3474 33.9791 21.8833 13.5416 8.117 4.58249 2.36344 1.07628 0.397604 0.100684 
121.605 119.576 110.763 91.9698 68.4282 48.331 35.0958 23.4827 14.7379 8.82778 4.97383 2.55635 1.1598 0.428753 0.108474 
121.644 119.798 111.339 92.981 69.7931 49.1378 35.2036 25.6908 16.8802 10.127 5.74571 3.02385 1.44428 0.593728 0.183969 
121.696 120.125 112.336 95.0242 72.4684 51.6684 35.9022 25.3338 16.3807 9.68025 5.38615 2.75631 1.25184 0.476514 0.13155 
121.747 120.453 113.501 97.1188 75.0426 53.348 35.7836 23.1864 14.2995 8.37433 4.59365 2.27763 0.969021 0.32567 0.0716253 
121.784 120.695 114.166 97.9091 74.9652 52.518 34.3959 21.5005 12.9417 7.41469 3.9518 1.88349 0.760427 0.238344 0.047689 
121.794 120.735 113.88 96.7192 72.5736 49.926 32.5534 20.9293 12.4653 7.06133 3.77731 1.85483 0.801003 0.283092 0.0692628 
121.78 120.564 113.026 94.753 70.0696 47.8293 32.8275 22.3771 13.5404 7.83788 4.30175 2.17791 0.974405 0.361619 0.0960396 
121.747 120.303 112.182 93.2289 68.582 47.8453 34.1557 24.3024 15.9625 10.116 6.19103 3.52961 1.8371 0.806162 0.254763 
121.709 120.092 111.745 92.7599 68.2926 47.3201 33.5794 25.2872 16.8819 10.6069 6.42517 3.65419 1.89978 0.852326 0.289522 
121.674 119.961 111.685 93.1547 69.2414 48.1514 33.8424 25.0102 16.7402 10.3519 6.13321 3.40874 1.71811 0.739641 0.238421 
121.645 119.885 111.747 93.6508 70.1665 49.6769 35.1316 24.8565 16.4819 10.4648 6.41833 3.7062 1.93198 0.849774 0.272244 
121.625 119.837 111.778 93.8592 70.486 49.8551 35.1877 24.1533 15.762 9.99743 6.12079 3.50132 1.78333 0.751725 0.223909 
121.612 119.799 111.769 93.8453 70.3257 49.5086 34.5823 23.3311 15.0036 9.3798 5.6547 3.18055 1.59257 0.660481 0.194362 
121.606 119.776 111.757 93.8091 70.1884 49.2203 34.1841 22.88 14.5512 8.99612 5.35665 2.97469 1.47122 0.604321 0.176718 
321
8.69362 8.66287 8.54209 8.22591 7.61956 6.77907 5.9055 5.01204 4.04275 3.08149 2.17923 1.38987 0.769174 0.346775 0.109958 
8.69373 8.66368 8.5449 8.23286 7.62978 6.79002 5.90313 4.98791 3.98106 2.9927 2.08114 1.30173 0.706271 0.312914 0.0978471 
8.69398 8.66528 8.54987 8.24383 7.64649 6.80101 5.88344 4.94421 3.88701 2.86184 1.93584 1.17014 0.612014 0.259975 0.0770853 
8.69444 8.66781 8.55686 8.25746 7.66638 6.81175 5.90348 4.91572 3.82366 2.77952 1.83516 1.08319 0.554323 0.228962 0.0652519 
8.69514 8.67126 8.56427 8.26958 7.68237 6.83488 6.00847 4.98076 3.88706 2.83779 1.88573 1.13411 0.589094 0.24804 0.0725779 
8.6961 8.67546 8.57148 8.27877 7.69925 6.8914 6.13469 5.14379 4.0639 2.99197 1.99526 1.1799 0.601971 0.244582 0.0673858 
8.69721 8.68015 8.57903 8.28565 7.70924 6.90755 6.16878 5.27864 4.23198 3.15023 2.11682 1.25623 0.642028 0.262291 0.072491 
8.69829 8.68522 8.58934 8.29977 7.72622 6.90493 6.08245 5.35042 4.38992 3.30404 2.26229 1.38901 0.753555 0.344768 0.117452 
8.69909 8.68995 8.60393 8.34134 7.81823 7.06188 6.21052 5.3763 4.36385 3.23721 2.17876 1.30235 0.671818 0.284317 0.0860672 
8.69936 8.69281 8.61999 8.3936 7.95664 7.30783 6.48295 5.50201 4.36151 3.17246 2.07537 1.18524 0.565457 0.209053 0.0500206 
8.69899 8.69218 8.62448 8.41592 8.00469 7.37463 6.51141 5.42242 4.19822 2.96732 1.87177 1.02064 0.459573 0.157771 0.0342213 
8.69801 8.68716 8.60984 8.37953 7.9021 7.15457 6.17925 5.09871 3.88401 2.71455 1.72121 0.969066 0.467768 0.181474 0.0482438 
8.69669 8.67905 8.58266 8.30423 7.73569 6.87153 5.93803 5.02314 3.90779 2.81281 1.84899 1.08438 0.547124 0.224678 0.0653547 
8.69537 8.6706 8.55521 8.23499 7.60335 6.71321 5.83713 5.0888 4.23823 3.36213 2.49031 1.65987 0.986548 0.484157 0.168925 
8.69433 8.66439 8.53682 8.19389 7.5298 6.5979 5.67523 4.99415 4.19428 3.31673 2.44511 1.63442 0.971682 0.487634 0.182789 
8.69371 8.66118 8.52965 8.18309 7.52127 6.59159 5.662 4.94214 4.1288 3.21264 2.31481 1.51277 0.871188 0.419112 0.149019 
8.69344 8.6604 8.5301 8.1909 7.54735 6.66873 5.79925 5.043 4.21678 3.35275 2.49296 1.68735 1.00202 0.491422 0.173351 
8.69342 8.66096 8.53398 8.20449 7.57948 6.72354 5.8755 5.06555 4.20699 3.33011 2.45872 1.6407 0.948172 0.44423 0.145292 
8.6935 8.66185 8.53809 8.21585 7.60168 6.75681 5.8977 5.0384 4.12713 3.20866 2.32203 1.51661 0.858201 0.394209 0.12698 
8.69358 8.66251 8.54082 8.22277 7.61428 6.77243 5.90537 5.02182 4.07135 3.12376 2.22647 1.43176 0.798238 0.362386 0.11577 
-321
8.68493 8.6657 8.56592 8.27887 7.7051 6.8945 6.0476 5.16948 4.19496 3.21375 2.28229 1.46073 0.810877 0.366618 0.116585 
8.68515 8.66701 8.5697 8.28693 7.7157 6.90389 6.03963 5.13619 4.12098 3.11141 2.17158 1.36257 0.74139 0.329368 0.103284 
8.68553 8.6692 8.57566 8.29857 7.73146 6.9104 6.00897 5.07757 4.00844 2.96094 2.00826 1.21677 0.637757 0.27147 0.0806693 
8.68604 8.6719 8.5825 8.31071 7.74717 6.91295 6.0189 5.03593 3.93166 2.86659 1.89743 1.12253 0.575661 0.23826 0.0680476 
8.6866 8.67447 8.58736 8.31745 7.75423 6.92492 6.11928 5.09811 3.99716 2.93086 1.95563 1.18057 0.615381 0.259968 0.076318 
8.68708 8.67617 8.58859 8.31635 7.7572 6.96835 6.2379 5.25991 4.17861 3.09226 2.07175 1.23034 0.629973 0.256802 0.0709775 
8.68732 8.67649 8.58629 8.30763 7.74806 6.96527 6.25387 5.38282 4.33877 3.24455 2.18799 1.30209 0.666905 0.272935 0.0755562 
8.68721 8.67554 8.5832 8.3009 7.74008 6.93787 6.14269 5.44577 4.50369 3.40978 2.3454 1.44497 0.785667 0.359913 0.122671 
8.68668 8.67349 8.58213 8.31696 7.79984 7.06333 6.2444 5.45582 4.47121 3.34345 2.26534 1.36203 0.706456 0.300738 0.0917444 
8.68581 8.67022 8.58305 8.34146 7.8964 7.25471 6.45307 5.5029 4.3849 3.20397 2.10368 1.20489 0.576197 0.213472 0.0511803 
8.68477 8.66577 8.57696 8.34133 7.90373 7.25739 6.39475 5.32127 4.1201 2.91279 1.83753 1.0018 0.450901 0.1547 0.0335278 
8.68377 8.66041 8.56026 8.29815 7.78517 7.00848 6.02236 4.95321 3.76705 2.63167 1.66917 0.940355 0.454217 0.176323 0.0468965 
8.68304 8.65543 8.54065 8.23618 7.6383 6.74995 5.8055 4.89915 3.80653 2.73894 1.80049 1.05593 0.532668 0.218642 0.0635321 
8.68273 8.65248 8.52749 8.19479 7.55107 6.65422 5.78137 5.05003 4.21711 3.35434 2.49006 1.66281 0.988994 0.485344 0.16924 
8.68282 8.65248 8.52529 8.18523 7.52862 6.60986 5.70792 5.06227 4.28308 3.40796 2.52537 1.6959 1.01223 0.509915 0.191924 
8.68322 8.65479 8.53211 8.20082 7.56114 6.65958 5.76471 5.08502 4.28877 3.36292 2.43799 1.60115 0.925919 0.447128 0.159554 
8.68374 8.65812 8.54256 8.22637 7.6128 6.76906 5.941 5.22136 4.40727 3.53142 2.64149 1.79588 1.07006 0.526169 0.185995 
8.68423 8.66134 8.55257 8.24999 7.65778 6.83659 6.02704 5.24592 4.39339 3.50173 2.59924 1.74141 1.00943 0.474066 0.155364 
8.68461 8.66372 8.55994 8.26619 7.68511 6.87278 6.0463 5.20826 4.2971 3.36095 2.44398 1.60237 0.909557 0.418919 0.135273 
8.68483 8.66506 8.56408 8.27502 7.69935 6.88828 6.04989 5.18347 4.22943 3.26259 2.3357 1.50749 0.843085 0.383828 0.12296 
311
8.43905 8.41111 8.2981 7.99859 7.42024 6.61451 5.77434 4.91301 3.97457 3.03853 2.15466 1.37744 0.763838 0.344974 0.109562 
8.43914 8.4118 8.30064 8.00514 7.43014 6.62543 5.77258 4.89004 3.9146 2.95141 2.05791 1.29017 0.701392 0.311291 0.0974945 
8.43934 8.41314 8.30506 8.01531 7.44612 6.63646 5.75436 4.8484 3.82338 2.82329 1.91477 1.16003 0.607913 0.258676 0.0768206 
8.4397 8.41522 8.31107 8.02753 7.4646 6.6468 5.77453 4.82217 3.76292 2.74366 1.81623 1.07448 0.550968 0.227979 0.0650774 
8.44027 8.41798 8.31698 8.03735 7.47798 6.66767 5.87629 4.88725 3.82737 2.80317 1.86791 1.12615 0.586196 0.247274 0.0724745 
8.44104 8.42125 8.32206 8.04297 7.48985 6.71772 5.99576 5.04537 4.00161 2.95683 1.97797 1.17279 0.599695 0.244125 0.0673752 
8.44195 8.42487 8.32695 8.04493 7.49198 6.72341 6.01768 5.1653 4.15708 3.10686 2.09521 1.24728 0.639178 0.261734 0.0724884 
8.44284 8.42892 8.33452 8.05342 7.49894 6.70574 5.91157 5.20508 4.27817 3.22937 2.21821 1.36639 0.743703 0.341376 0.116692 
8.44353 8.433 8.34718 8.09036 7.58155 6.84654 6.0198 5.20855 4.22922 3.14151 2.11758 1.2675 0.654645 0.277242 0.0839116 
8.4438 8.43581 8.36297 8.14178 7.71793 7.09112 6.29715 5.35352 4.25415 3.10281 2.03503 1.16481 0.556752 0.206155 0.0493938 
8.44354 8.43582 8.36919 8.16791 7.77409 7.17336 6.35087 5.30807 4.12612 2.92747 1.85273 1.01304 0.457189 0.157256 0.0341678 
8.44277 8.43195 8.35768 8.1382 7.68433 6.97345 6.04288 5.00573 3.82952 2.68704 1.70947 0.965111 0.466916 0.181492 0.0483327 
8.44168 8.42513 8.33387 8.06956 7.5285 6.70339 5.80894 4.9297 3.84983 2.781 1.83365 1.07809 0.545073 0.224217 0.0653209 
8.44058 8.41782 8.30915 8.00504 7.40215 6.54856 5.70502 4.98372 4.16194 3.31099 2.45877 1.64256 0.978247 0.480943 0.16808 
8.43971 8.41241 8.29253 7.96662 7.33155 6.4358 5.54495 4.88641 4.1142 3.2631 2.41242 1.61666 0.963234 0.484304 0.181847 
8.43917 8.40962 8.2862 7.95692 7.32379 6.43001 5.53304 4.83807 4.05313 3.16443 2.28749 1.49931 0.86566 0.417405 0.148729 
8.43893 8.40896 8.28686 7.96483 7.34959 6.50543 5.66788 4.93946 4.14236 3.3045 2.46478 1.67289 0.995771 0.48935 0.172935 
8.4389 8.40946 8.29058 7.97808 7.3811 6.55949 5.74325 4.96317 4.13419 3.28278 2.43083 1.62622 0.941834 0.442076 0.144826 
8.43895 8.41024 8.29442 7.98901 7.40283 6.59242 5.76592 4.93783 4.05662 3.16341 2.29567 1.50304 0.852293 0.392196 0.126536 
8.43902 8.41081 8.29694 7.99561 7.4151 6.60792 5.77394 4.92227 4.00238 3.08003 2.2013 1.41894 0.792705 0.36051 0.115356 
-311
8.44164 8.42158 8.32302 8.04378 7.48858 6.70518 5.88712 5.04059 4.10061 3.15015 2.24296 1.43883 0.800263 0.362414 0.115416 
8.44188 8.42298 8.32694 8.05197 7.49937 6.71495 5.88031 5.00916 4.02932 3.05059 2.13462 1.34239 0.731793 0.325629 0.102258 
8.44231 8.42536 8.33328 8.0641 7.51575 6.72267 5.85223 4.95342 3.92052 2.90385 1.97447 1.1989 0.629557 0.268402 0.0798703 
8.44289 8.42842 8.34089 8.0774 7.53291 6.72728 5.86319 4.91388 3.84579 2.81113 1.86503 1.10562 0.567986 0.235436 0.0673317 
8.44356 8.43157 8.34712 8.08643 7.54293 6.74177 5.96123 4.97452 3.90868 2.87232 1.92053 1.16159 0.606478 0.256574 0.0754199 
8.44418 8.43407 8.3504 8.08896 7.5505 6.78803 6.07875 5.1326 4.08505 3.029 2.03324 1.20959 0.620315 0.253211 0.0700729 
8.44459 8.43533 8.3506 8.08508 7.54842 6.79338 6.10257 5.25932 4.24682 3.18191 2.14934 1.28099 0.656928 0.269141 0.0745779 
8.44462 8.43522 8.3498 8.08312 7.54875 6.77996 6.01446 5.34336 4.43274 3.36627 2.32097 1.43228 0.779512 0.357213 0.121727 
8.44419 8.43363 8.34988 8.10107 7.61154 6.91125 6.13024 5.37739 4.42736 3.32605 2.26281 1.36538 0.710333 0.30328 0.0928357 
8.44331 8.43028 8.35015 8.12332 7.70212 7.09206 6.32642 5.41293 4.3283 3.17287 2.08901 1.19925 0.574609 0.213244 0.0512055 
8.44217 8.42522 8.34211 8.11842 7.70015 7.07958 6.24827 5.20943 4.04177 2.86313 1.80945 0.988025 0.445293 0.15295 0.0331837 
8.441 8.41894 8.32312 8.0711 7.57633 6.82516 5.86962 4.83133 3.67959 2.57496 1.63599 0.923126 0.446524 0.173552 0.0462114 
8.44009 8.41302 8.30155 8.00687 7.42855 6.56829 5.65147 4.77109 3.71328 2.67756 1.76407 1.03674 0.523962 0.215433 0.0626975 
8.43961 8.40927 8.28691 7.9641 7.34144 6.47363 5.62786 4.92081 4.11822 3.28516 2.44581 1.63751 0.976211 0.480021 0.167676 
8.43958 8.40869 8.28359 7.95324 7.31824 6.43021 5.55732 4.93172 4.18084 3.33594 2.47898 1.66897 0.998388 0.503926 0.190004 
8.43991 8.41065 8.28961 7.96746 7.34858 6.47708 5.61092 4.9519 4.1832 3.28819 2.38961 1.57279 0.911205 0.440696 0.157465 
8.4404 8.41385 8.29963 7.99194 7.39806 6.58193 5.78057 5.08517 4.30046 3.45447 2.59041 1.76516 1.05383 0.519068 0.183765 
8.4409 8.41707 8.3095 8.01499 7.44172 6.64756 5.86457 5.11121 4.29022 3.42867 2.55169 1.71359 0.995333 0.468273 0.153712 
8.4413 8.41951 8.31691 8.03104 7.46864 6.68331 5.88458 5.07668 4.19859 3.29293 2.40083 1.57775 0.897371 0.414014 0.133895 
8.44153 8.42091 8.32113 8.03989 7.4828 6.69887 5.8889 5.0537 4.13375 3.19759 2.29515 1.48472 0.831976 0.379401 0.121722 
221
5.91156 5.89701 5.83345 5.65899 5.31256 4.81547 4.28862 3.74804 3.1401 2.4917 1.82975 1.20639 0.687005 0.317509 0.102978 
5.91169 5.89784 5.836 5.66481 5.3217 4.82655 4.292 3.73536 3.09732 2.42259 1.7481 1.12951 0.630236 0.286114 0.0914814 
5.91194 5.89932 5.8403 5.674 5.33636 4.84031 4.28715 3.71074 3.03142 2.32053 1.62677 1.01459 0.54524 0.237155 0.0718596 
5.9123 5.90134 5.84576 5.68476 5.35301 4.85391 4.30674 3.69888 2.98954 2.25806 1.54293 0.938998 0.493587 0.208723 0.0607828 
5.91277 5.90363 5.8508 5.69326 5.36492 4.87125 4.37771 3.75248 3.04421 2.30827 1.58782 0.985386 0.52608 0.226914 0.0678842 
5.91327 5.90578 5.85418 5.69692 5.37176 4.90105 4.45602 3.8647 3.17712 2.43354 1.6824 1.02734 0.539013 0.224384 0.0632011 
5.91372 5.90741 5.85567 5.69517 5.36768 4.89644 4.45734 3.92943 3.27428 2.53934 1.77075 1.08571 0.570818 0.238981 0.0675262 
5.91399 5.90846 5.85686 5.69437 5.3632 4.87525 4.37482 3.93163 3.33511 2.61487 1.86094 1.18264 0.661039 0.310326 0.108187 
5.914 5.9088 5.85961 5.70896 5.40525 4.95929 4.45304 3.95126 3.32297 2.57111 1.80184 1.11658 0.594448 0.258672 0.0803753 
5.91368 5.90805 5.86349 5.73129 5.47979 5.11112 4.64718 4.07892 3.36717 2.55294 1.73406 1.02288 0.501564 0.189848 0.0464017 
5.9131 5.90581 5.86181 5.73751 5.50084 5.14626 4.66164 4.01996 3.23744 2.37875 1.55323 0.872201 0.402552 0.141129 0.0311924 
5.91236 5.90197 5.85097 5.71153 5.43096 4.99243 4.4123 3.74438 2.95752 2.14549 1.40764 0.816485 0.404307 0.160354 0.0434913 
5.91164 5.89747 5.8354 5.66683 5.32749 4.80477 4.22396 3.64958 2.9397 2.19644 1.49577 0.905081 0.469067 0.197139 0.0585554 
5.91111 5.89374 5.82206 5.63023 5.25249 4.70742 4.15513 3.69284 3.17661 2.61941 2.01494 1.38937 0.851063 0.428655 0.153063 
5.91084 5.89187 5.81546 5.61311 5.21827 4.64961 4.06789 3.63708 3.15343 2.59725 1.99353 1.38224 0.848732 0.438136 0.168535 
5.91083 5.89184 5.81574 5.61459 5.22412 4.66049 4.08096 3.62975 3.13181 2.54081 1.90723 1.29344 0.76934 0.380661 0.138849 
5.91098 5.893 5.81998 5.62626 5.2501 4.72016 4.1874 3.7306 3.23183 2.6791 2.07455 1.45607 0.892139 0.449466 0.162429 
5.91119 5.89453 5.82525 5.63981 5.27784 4.76584 4.25056 3.76554 3.24649 2.67897 2.05792 1.42247 0.847332 0.407473 0.136436 
5.91138 5.89584 5.82963 5.65023 5.29717 4.79497 4.27573 3.75855 3.19687 2.58931 1.94773 1.31643 0.767193 0.361482 0.119149 
5.9115 5.89663 5.83225 5.65626 5.30792 4.80926 4.28603 3.75258 3.15965 2.52439 1.86896 1.24286 0.713221 0.33199 0.108498 
113
3.37579 3.37091 3.35152 3.29887 3.19043 3.02092 2.83024 2.66185 2.5076 2.30223 1.97291 1.5075 0.981189 0.511003 0.185106 
3.3759 3.37156 3.35352 3.30353 3.19937 3.03548 2.84824 2.67635 2.50455 2.26761 1.9065 1.42405 0.905989 0.462573 0.164929 
3.37609 3.37271 3.35694 3.31136 3.21418 3.05854 2.87504 2.69634 2.49699 2.21498 1.80443 1.29637 0.792276 0.38682 0.130523 
3.37636 3.37426 3.36127 3.32075 3.23142 3.08394 2.90849 2.72795 2.50673 2.19211 1.73034 1.20898 0.721668 0.342309 0.110981 
3.37669 3.37596 3.3654 3.32857 3.24444 3.10338 2.94833 2.78437 2.5715 2.24704 1.78063 1.26904 0.769059 0.37203 0.123904 
3.37702 3.37743 3.36798 3.33129 3.24673 3.10936 2.97445 2.83782 2.65927 2.36061 1.89202 1.33076 0.795046 0.371666 0.116549 
3.37727 3.37831 3.36829 3.32767 3.23484 3.08588 2.93581 2.79967 2.64153 2.38436 1.93832 1.37608 0.827793 0.391031 0.123519 
3.37737 3.37848 3.36721 3.32198 3.21913 3.05145 2.85656 2.6882 2.52095 2.25677 1.87012 1.38046 0.886954 0.472585 0.185445 
3.37726 3.37799 3.3665 3.32361 3.22873 3.07779 2.89942 2.72138 2.53713 2.25462 1.84617 1.33274 0.816663 0.403131 0.14061 
3.37694 3.37679 3.36645 3.33214 3.26479 3.17075 3.0732 2.97044 2.8082 2.49179 1.98257 1.35398 0.756284 0.321221 0.087299 
3.37646 3.3748 3.36409 3.33464 3.28197 3.21386 3.14133 3.03546 2.82605 2.4338 1.85522 1.19939 0.626864 0.245224 0.0599468 
3.37592 3.37208 3.35738 3.3208 3.25026 3.13959 2.99058 2.79302 2.51887 2.12299 1.61708 1.07719 0.603854 0.267583 0.0804648 
3.37545 3.36921 3.34824 3.29646 3.19379 3.02642 2.81479 2.59852 2.35398 2.03187 1.61062 1.12693 0.666348 0.315418 0.10477 
3.37515 3.36707 3.34052 3.27534 3.14758 2.94836 2.71598 2.52742 2.39419 2.2621 2.02974 1.62887 1.15526 0.664506 0.268276 
3.37505 3.36622 3.33696 3.265 3.12455 2.90711 2.65115 2.43225 2.28742 2.14502 1.92594 1.56259 1.11274 0.656733 0.285999 
3.37512 3.36658 3.33773 3.26599 3.12538 2.90716 2.65369 2.4335 2.2692 2.10439 1.84957 1.47026 1.0137 0.572978 0.236534 
3.37529 3.36767 3.34114 3.27403 3.14117 2.93636 2.70972 2.52907 2.41891 2.29354 2.07997 1.7093 1.21111 0.695232 0.283524 
3.37548 3.36893 3.34522 3.28388 3.1609 2.97093 2.76214 2.59478 2.48751 2.37054 2.13319 1.72186 1.18208 0.64557 0.243152 
3.37565 3.36998 3.34859 3.29194 3.17686 2.99831 2.80055 2.6337 2.50372 2.34488 2.06324 1.62238 1.08512 0.578313 0.213633 
3.37574 3.37061 3.35058 3.29665 3.18613 3.01377 2.82113 2.65371 2.50752 2.3176 2.00397 1.54634 1.01548 0.533264 0.194855 
213
3.37834 3.37288 3.35242 3.29827 3.18807 3.01684 2.82478 2.6555 2.50091 2.29575 1.96718 1.50302 0.978209 0.509413 0.184514 
3.37845 3.37356 3.35449 3.30303 3.1971 3.03145 2.8428 2.67003 2.49793 2.26131 1.90106 1.4199 0.90329 0.461159 0.164409 
3.37866 3.37478 3.35806 3.31107 3.21215 3.05469 2.8697 2.69003 2.49037 2.20875 1.79919 1.29253 0.789866 0.385611 0.130103 
3.37896 3.37646 3.36269 3.32091 3.22991 3.08058 2.90341 2.72155 2.49974 2.18533 1.72466 1.20482 0.719072 0.341025 0.110547 
3.37932 3.37837 3.36729 3.32952 3.24396 3.10107 2.94387 2.77787 2.56359 2.23882 1.77335 1.26341 0.765429 0.370185 0.123264 
3.37971 3.38011 3.37054 3.33345 3.24801 3.10911 2.97176 2.8322 2.65104 2.35105 1.88301 1.32371 0.790504 0.369425 0.115816 
3.38002 3.38132 3.37169 3.33144 3.23874 3.08929 2.93758 2.79881 2.63779 2.37845 1.93151 1.37005 0.823526 0.388756 0.122727 
3.38017 3.38179 3.37141 3.32742 3.22602 3.05976 2.86597 2.6984 2.53207 2.26661 1.87806 1.38558 0.889371 0.473221 0.185366 
3.3801 3.38147 3.37119 3.33008 3.23757 3.08954 2.91455 2.74034 2.56032 2.27922 1.86924 1.35128 0.82894 0.409714 0.143179 
3.37977 3.38027 3.37109 3.33842 3.27307 3.18116 3.08551 2.98409 2.82233 2.50506 1.99352 1.36168 0.760715 0.323165 0.0878468 
3.37926 3.37808 3.36815 3.3396 3.28755 3.21926 3.14529 3.03679 2.82438 2.42993 1.85072 1.1957 0.62462 0.244243 0.0596869 
3.37866 3.37503 3.36057 3.32401 3.25279 3.14032 2.98824 2.78685 2.5094 2.11212 1.60714 1.06977 0.599377 0.265492 0.0798085 
3.37812 3.3718 3.35056 3.29814 3.19419 3.02477 2.81039 2.5911 2.34421 2.02139 1.60131 1.12003 0.662155 0.313424 0.104108 
3.37775 3.36935 3.34214 3.27593 3.14679 2.94597 2.71203 2.52222 2.38828 2.25622 2.02462 1.62499 1.15265 0.663066 0.267707 
3.37761 3.36827 3.3381 3.2649 3.12305 2.90432 2.64747 2.42807 2.28285 2.14035 1.92152 1.55887 1.11005 0.655145 0.285311 
3.37765 3.3685 3.3386 3.26547 3.12336 2.90384 2.6494 2.42843 2.26328 2.09773 1.84271 1.4641 1.009 0.570074 0.235228 
3.37782 3.36955 3.3419 3.27332 3.13885 2.93257 2.70475 2.52307 2.41184 2.2858 2.0721 1.70227 1.20582 0.692051 0.282176 
3.37801 3.37083 3.34599 3.28314 3.15846 2.9669 2.75682 2.58848 2.48046 2.3631 2.12605 1.71585 1.17784 0.643209 0.242253 
3.37818 3.37191 3.34941 3.29125 3.17443 2.99421 2.79511 2.62735 2.49688 2.33801 2.05693 1.61728 1.08163 0.576417 0.21292 
3.37829 3.37256 3.35145 3.29602 3.18374 3.00968 2.81567 2.64736 2.50079 2.31101 1.99808 1.54168 1.01235 0.531582 0.194225 
-213
3.37333 3.36903 3.35069 3.29952 3.19283 3.02504 2.83573 2.66822 2.51431 2.30874 1.97865 1.51199 0.984179 0.512598 0.1857 
3.37342 3.36964 3.35262 3.30409 3.20169 3.03954 2.85371 2.68271 2.51118 2.27394 1.91196 1.42822 0.908698 0.463992 0.16545 
3.3736 3.37072 3.35589 3.3117 3.21627 3.06242 2.88041 2.70268 2.50363 2.22124 1.80968 1.30024 0.794694 0.388033 0.130945 
3.37384 3.37214 3.35993 3.32066 3.23298 3.08735 2.91362 2.73438 2.51376 2.19892 1.73604 1.21316 0.724275 0.343598 0.111416 
3.37413 3.37363 3.36359 3.3277 3.24499 3.10575 2.95284 2.79093 2.57946 2.25531 1.78796 1.2747 0.77271 0.373885 0.124547 
3.37441 3.37482 3.36549 3.32921 3.24552 3.10969 2.97723 2.84354 2.66761 2.37027 1.90113 1.33787 0.799624 0.373924 0.117286 
3.37461 3.37539 3.36498 3.32399 3.23105 3.0826 2.93419 2.80074 2.64555 2.3906 1.94543 1.38232 0.83218 0.393357 0.124325 
3.37465 3.37527 3.3631 3.31665 3.21237 3.04331 2.84739 2.67839 2.51042 2.24762 1.86287 1.3759 0.884883 0.472118 0.185581 
3.37451 3.37459 3.36191 3.31726 3.22006 3.06626 2.8846 2.70288 2.5146 2.23077 1.82386 1.31483 0.804802 0.39677 0.138128 
3.37419 3.3734 3.36191 3.32598 3.25667 3.16055 3.06114 2.9571 2.79443 2.47888 1.97192 1.34648 0.751974 0.319328 0.0867646 
3.37374 3.37161 3.36012 3.3298 3.27652 3.20861 3.13753 3.03429 2.82789 2.43781 1.85981 1.20314 0.629137 0.246216 0.0602094 
3.37326 3.36921 3.35427 3.3177 3.24783 3.13897 2.99305 2.79932 2.52848 2.13399 1.62714 1.0847 0.608382 0.269697 0.0811284 
3.37286 3.36671 3.34599 3.29486 3.19346 3.02816 2.81928 2.60604 2.36386 2.04246 1.62004 1.1339 0.670587 0.317434 0.105438 
3.37262 3.36488 3.33897 3.27481 3.14842 2.95082 2.72 2.53267 2.40016 2.26804 2.03489 1.63278 1.15788 0.665952 0.268847 
3.37256 3.36424 3.33588 3.26516 3.12611 2.90995 2.65487 2.43647 2.29202 2.14971 1.93038 1.56633 1.11545 0.658328 0.286689 
3.37266 3.36473 3.33692 3.26656 3.12743 2.91053 2.658 2.43859 2.27515 2.11109 1.85646 1.47646 1.01843 0.575903 0.237849 
3.37284 3.36586 3.34044 3.27479 3.14354 2.94018 2.71472 2.53509 2.42601 2.30133 2.08788 1.71636 1.21643 0.698431 0.284879 
3.37303 3.36712 3.34452 3.28467 3.16339 2.97499 2.76749 2.60112 2.49459 2.37802 2.14035 1.7279 1.18635 0.647941 0.244054 
3.37319 3.36814 3.34783 3.29268 3.17934 3.00244 2.80602 2.64008 2.51059 2.35179 2.06957 1.62751 1.08863 0.580216 0.214348 
3.37328 3.36874 3.34977 3.29734 3.18856 3.0179 2.82662 2.66008 2.51428 2.32422 2.00989 1.55102 1.01863 0.534951 0.195487 
223
3.1847 3.18016 3.16223 3.11359 3.01335 2.85624 2.67909 2.52404 2.3851 2.19946 1.8947 1.4555 0.952152 0.498197 0.181263 
3.1848 3.18078 3.16413 3.11802 3.02188 2.87019 2.69654 2.53849 2.3832 2.16745 1.83175 1.37543 0.879413 0.451066 0.161525 
3.18498 3.18187 3.16738 3.12547 3.03601 2.89234 2.72271 2.55865 2.3775 2.11867 1.73482 1.25278 0.769369 0.377333 0.127869 
3.18523 3.18334 3.17149 3.13441 3.05245 2.91676 2.75493 2.58978 2.38827 2.09813 1.6643 1.16867 0.700975 0.333986 0.108746 
3.18555 3.18495 3.17541 3.14184 3.06487 2.93533 2.79243 2.64371 2.45059 2.15093 1.71267 1.22674 0.747001 0.362979 0.121407 
3.18586 3.18634 3.17785 3.1444 3.06694 2.9406 2.81636 2.69343 2.53331 2.25922 1.81994 1.28667 0.772509 0.362773 0.114248 
3.1861 3.18717 3.17813 3.1409 3.05545 2.91782 2.77868 2.65488 2.51338 2.27934 1.86262 1.32938 0.803797 0.381491 0.121042 
3.18619 3.18733 3.17708 3.13542 3.04031 2.88474 2.70304 2.54647 2.39459 2.15139 1.79152 1.32947 0.858637 0.459737 0.181248 
3.18609 3.18685 3.17637 3.13684 3.04908 2.9091 2.74339 2.57857 2.41072 2.15054 1.76989 1.28463 0.791341 0.392543 0.137545 
3.18578 3.18571 3.17629 3.14483 3.08301 2.99696 2.909 2.81864 2.67497 2.38543 1.90833 1.31028 0.735516 0.313811 0.0856466 
3.18532 3.18382 3.17404 3.14719 3.09936 3.03824 2.97508 2.88348 2.69606 2.33384 1.78867 1.16239 0.610423 0.239822 0.0588626 
3.18481 3.18124 3.16769 3.13414 3.06962 2.96859 2.83293 2.65275 2.40147 2.03358 1.55692 1.04234 0.587064 0.261267 0.0788883 
3.18437 3.17853 3.15905 3.11117 3.01635 2.86167 2.66526 2.46487 2.23953 1.94154 1.54687 1.08797 0.646513 0.307446 0.102576 
3.18408 3.1765 3.15174 3.09119 2.97261 2.78741 2.57034 2.39422 2.27319 2.15603 1.94428 1.56871 1.11877 0.64686 0.262433 
3.18398 3.1757 3.14838 3.08141 2.95079 2.74825 2.50876 2.30288 2.16974 2.04117 1.84195 1.50278 1.07613 0.638436 0.279405 
3.18405 3.17604 3.14912 3.08235 2.95154 2.74818 2.51098 2.3042 2.15245 2.00272 1.76919 1.41432 0.980548 0.557111 0.231117 
3.18422 3.17708 3.15237 3.08998 2.96651 2.77566 2.56362 2.39497 2.29622 2.18539 1.99203 1.64629 1.17288 0.676718 0.277304 
3.1844 3.17828 3.15624 3.09934 2.98524 2.8085 2.61353 2.45828 2.36269 2.26115 2.04551 1.66036 1.14601 0.628984 0.238018 
3.18456 3.17928 3.15944 3.107 3.00043 2.83462 2.65043 2.49638 2.37984 2.23853 1.98007 1.56555 1.05259 0.563679 0.209175 
3.18465 3.17988 3.16133 3.11148 3.00925 2.8494 2.67027 2.516 2.38453 2.21361 1.92412 1.49274 0.985306 0.519857 0.190802 
323
1.44066 1.43815 1.43044 1.41175 1.37476 1.31599 1.24812 1.1957 1.16634 1.13229 1.04143 0.858267 0.601256 0.335453 0.129764 
1.4407 1.43842 1.43129 1.41384 1.37901 1.32342 1.25884 1.20738 1.17286 1.12486 1.01503 0.816886 0.558687 0.30524 0.116108 
1.44078 1.43891 1.43281 1.41744 1.38618 1.33566 1.27599 1.22532 1.18166 1.11286 0.972867 0.752103 0.493609 0.257695 0.0927232 
1.4409 1.43961 1.43481 1.42192 1.39474 1.34955 1.2951 1.24787 1.19844 1.11341 0.940527 0.705798 0.452048 0.229178 0.079224 
1.44106 1.44045 1.43689 1.42591 1.40158 1.35994 1.31249 1.27598 1.23376 1.14262 0.966606 0.739399 0.480279 0.248124 0.088056 
1.44125 1.44129 1.43847 1.42779 1.40313 1.36158 1.31995 1.29421 1.26889 1.19619 1.02706 0.776831 0.49859 0.249206 0.0832964 
1.44142 1.44199 1.43926 1.42702 1.39812 1.34979 1.29811 1.26465 1.24142 1.19018 1.03875 0.795433 0.515719 0.261382 0.0882929 
1.44154 1.44246 1.43962 1.42564 1.39195 1.33439 1.26275 1.20148 1.16207 1.08744 0.958596 0.761522 0.527275 0.302001 0.127172 
1.44158 1.44267 1.44027 1.42769 1.39734 1.34634 1.28363 1.22405 1.17675 1.0945 0.956853 0.743975 0.491237 0.260123 0.0968786 
1.44151 1.44251 1.44112 1.43303 1.41541 1.39132 1.37257 1.36637 1.35508 1.28387 1.10147 0.812171 0.487819 0.221552 0.0641625 
1.44133 1.44184 1.44067 1.43554 1.42627 1.4177 1.41954 1.42671 1.40613 1.30027 1.07091 0.747318 0.41952 0.175238 0.0455848 
1.44108 1.4406 1.43776 1.42994 1.41447 1.39019 1.35937 1.31762 1.25066 1.1245 0.920972 0.659888 0.396502 0.187465 0.0599993 
1.44082 1.43908 1.43314 1.41836 1.38863 1.33868 1.27112 1.20406 1.13276 1.03675 0.882292 0.665598 0.423547 0.214968 0.0764505 
1.44062 1.43775 1.42872 1.40706 1.36466 1.29668 1.21188 1.14137 1.10979 1.09955 1.05516 0.913582 0.703015 0.437309 0.19033 
1.4405 1.43696 1.42607 1.40031 1.35062 1.27219 1.17433 1.08389 1.0374 1.00629 0.963649 0.844056 0.65112 0.41476 0.194307 
1.44047 1.43677 1.42552 1.399 1.34796 1.26744 1.16871 1.07766 1.02307 0.979142 0.918471 0.789053 0.589023 0.359129 0.159491 
1.44049 1.437 1.42643 1.40149 1.35326 1.27718 1.18784 1.11646 1.09298 1.08231 1.04795 0.931517 0.714479 0.44222 0.193882 
1.44055 1.43741 1.4279 1.40533 1.36139 1.29201 1.21157 1.15113 1.13197 1.13506 1.0955 0.956553 0.710056 0.417472 0.16875 
1.44061 1.43779 1.42923 1.40873 1.3685 1.30486 1.23153 1.17608 1.15234 1.13839 1.07511 0.913283 0.658986 0.377139 0.149137 
1.44064 1.43803 1.43005 1.41077 1.37274 1.31242 1.24289 1.1897 1.16243 1.13504 1.05346 0.877198 0.620442 0.349283 0.136394 
-323
1.43807 1.43717 1.43237 1.41785 1.38598 1.33277 1.27059 1.22446 1.20211 1.17432 1.08606 0.899243 0.632471 0.354113 0.137449 
1.43813 1.4375 1.43337 1.42013 1.39043 1.3403 1.28108 1.23525 1.20668 1.16349 1.05489 0.852489 0.58517 0.32078 0.122427 
1.43822 1.43807 1.43503 1.42391 1.3977 1.35239 1.29756 1.2515 1.21228 1.14637 1.00575 0.77998 0.513334 0.268685 0.0969303 
1.43835 1.43878 1.43702 1.42826 1.40587 1.36548 1.31535 1.27224 1.22658 1.14372 0.969293 0.729624 0.468594 0.238173 0.0825456 
1.43848 1.43949 1.43873 1.43152 1.41148 1.37413 1.3309 1.29932 1.26222 1.17467 0.998698 0.767556 0.50073 0.259717 0.0925206 
1.4386 1.43996 1.43943 1.43182 1.4107 1.37288 1.33569 1.31594 1.29763 1.23061 1.06267 0.808001 0.520875 0.26135 0.087671 
1.43865 1.44002 1.43874 1.42853 1.40216 1.35682 1.30914 1.28149 1.26548 1.22083 1.07077 0.823078 0.535156 0.271822 0.0919936 
1.4386 1.43964 1.4371 1.42377 1.39131 1.33583 1.26747 1.21152 1.18099 1.11225 0.987089 0.788704 0.548279 0.314808 0.132736 
1.43846 1.4389 1.43549 1.42188 1.39105 1.34096 1.28142 1.22807 1.19113 1.11769 0.985742 0.772649 0.513807 0.273986 0.102916 
1.43823 1.43792 1.43427 1.42334 1.40293 1.37718 1.35923 1.35712 1.35274 1.28891 1.11131 0.822723 0.49576 0.225784 0.0655538 
1.43797 1.43676 1.43252 1.42309 1.40868 1.39491 1.39258 1.39767 1.37757 1.27475 1.05052 0.733251 0.411554 0.171831 0.0446657 
1.43772 1.43553 1.42952 1.41702 1.39548 1.36425 1.32673 1.28014 1.21181 1.08862 0.89191 0.639629 0.384705 0.182047 0.0583052 
1.43756 1.43448 1.42605 1.40756 1.37298 1.31746 1.24452 1.17352 1.10101 1.00707 0.857458 0.647291 0.412068 0.209145 0.0743221 
1.43749 1.43391 1.42362 1.40017 1.3556 1.28543 1.19895 1.12808 1.09824 1.09147 1.05107 0.913025 0.703692 0.437952 0.190563 
1.43753 1.43397 1.42315 1.39769 1.34873 1.27166 1.17601 1.08915 1.04877 1.02504 0.988965 0.872036 0.67628 0.432823 0.203738 
1.43764 1.43453 1.42449 1.39997 1.35185 1.27521 1.1814 1.09696 1.05105 1.01611 0.961594 0.831918 0.624477 0.382542 0.170608 
1.43777 1.43533 1.42677 1.40493 1.36091 1.29001 1.20691 1.14375 1.13102 1.13144 1.10493 0.988432 0.761625 0.472993 0.207904 
1.4379 1.43609 1.42909 1.41024 1.37112 1.30735 1.2333 1.1809 1.17187 1.18559 1.15286 1.01235 0.75459 0.445032 0.180334 
1.43799 1.43668 1.43087 1.41438 1.3792 1.32121 1.25398 1.20575 1.19059 1.18513 1.12657 0.962023 0.697027 0.400259 0.158749 
1.43805 1.43701 1.43189 1.41674 1.38382 1.32911 1.2654 1.21881 1.19907 1.17866 1.10037 0.920749 0.653899 0.369414 0.144731 
313
1.39817 1.39598 1.38896 1.37158 1.3367 1.28082 1.21603 1.1662 1.1391 1.108 1.02162 0.844224 0.593016 0.331709 0.128638 
1.39821 1.39622 1.38977 1.37357 1.34081 1.28806 1.22652 1.17771 1.14566 1.10097 0.995921 0.803638 0.551083 0.30185 0.115103 
1.39828 1.39667 1.39118 1.37699 1.34771 1.29994 1.2433 1.19541 1.15461 1.08967 0.954935 0.740165 0.487041 0.254903 0.0919434 
1.39839 1.3973 1.39302 1.38118 1.35584 1.31331 1.26188 1.2176 1.17149 1.09084 0.923739 0.695031 0.446338 0.226863 0.0786209 
1.39853 1.39804 1.39486 1.38476 1.36209 1.32299 1.27844 1.24496 1.20641 1.1201 0.950084 0.728833 0.474739 0.245913 0.087495 
1.39868 1.39875 1.39613 1.38611 1.36287 1.32366 1.28472 1.26199 1.24048 1.17289 1.01019 0.766459 0.49342 0.247307 0.0828785 
1.39883 1.3993 1.39657 1.38472 1.35693 1.31063 1.26144 1.23081 1.21107 1.16468 1.02005 0.783877 0.509977 0.259298 0.0878539 
1.39893 1.39964 1.39661 1.38271 1.34974 1.29369 1.22409 1.16465 1.12683 1.05627 0.933307 0.743701 0.516767 0.297131 0.125649 
1.39895 1.39977 1.39703 1.38427 1.35416 1.30392 1.24218 1.18339 1.13651 1.05695 0.924724 0.719844 0.476036 0.252395 0.0940515 
1.39888 1.39962 1.39785 1.3895 1.37187 1.34806 1.32974 1.32429 1.31491 1.24824 1.07347 0.793497 0.477734 0.217443 0.0631006 
1.39872 1.39903 1.39763 1.39242 1.38342 1.37561 1.3788 1.38846 1.37226 1.27318 1.05221 0.736688 0.414798 0.173741 0.045311 
1.3985 1.39795 1.39513 1.38765 1.37315 1.35077 1.32296 1.28544 1.22386 1.10421 0.907543 0.652415 0.393191 0.186409 0.0598169 
1.39828 1.39661 1.39098 1.37698 1.34889 1.30171 1.23787 1.17488 1.10791 1.01695 0.868077 0.656811 0.419106 0.213246 0.0760215 
1.3981 1.39544 1.38696 1.36645 1.3261 1.26118 1.17995 1.11233 1.08283 1.07457 1.03338 0.896921 0.692075 0.431661 0.188368 
1.398 1.39476 1.38458 1.36018 1.31277 1.23757 1.14336 1.05593 1.01145 0.982222 0.942686 0.827982 0.640583 0.409188 0.192213 
1.39798 1.39463 1.38416 1.35909 1.31042 1.2332 1.13812 1.0502 0.998142 0.956593 0.899775 0.775486 0.580818 0.355268 0.158276 
1.39801 1.39488 1.3851 1.36161 1.31572 1.24286 1.15693 1.08829 1.06677 1.05831 1.02737 0.916053 0.704803 0.437519 0.192365 
1.39807 1.39527 1.38653 1.36537 1.3237 1.25741 1.18021 1.12236 1.10498 1.11016 1.07423 0.940714 0.700327 0.412883 0.167334 
1.39812 1.39564 1.38781 1.36866 1.33062 1.26997 1.19977 1.1469 1.12515 1.11367 1.05441 0.898212 0.649921 0.372938 0.147853 
1.39815 1.39587 1.38859 1.37064 1.33475 1.27735 1.2109 1.16029 1.1352 1.11059 1.03333 0.862798 0.611921 0.345383 0.135212 
-313
1.39783 1.39673 1.39169 1.37714 1.34578 1.29383 1.2333 1.18867 1.16784 1.14271 1.05926 0.879316 0.620039 0.347994 0.135389 
1.39788 1.39706 1.39269 1.3794 1.35016 1.3012 1.24359 1.19932 1.17254 1.1325 1.02916 0.833812 0.573789 0.315289 0.120606 
1.39798 1.39764 1.39436 1.38316 1.35734 1.31309 1.25979 1.21538 1.17834 1.11622 0.981527 0.763077 0.503442 0.264122 0.0954986 
1.39812 1.39839 1.39641 1.38757 1.36552 1.32609 1.27734 1.23577 1.19247 1.11372 0.945825 0.713602 0.459374 0.23401 0.0812796 
1.39826 1.39915 1.39826 1.39105 1.3714 1.33497 1.29276 1.26215 1.22695 1.14332 0.973754 0.749962 0.490322 0.254865 0.0909855 
1.39839 1.39972 1.39921 1.39182 1.37134 1.33455 1.29803 1.27857 1.26114 1.19718 1.03546 0.788884 0.509636 0.25625 0.0861397 
1.39847 1.39991 1.39886 1.38925 1.36402 1.3203 1.27387 1.24669 1.23125 1.18889 1.04416 0.804028 0.523747 0.266519 0.0903637 
1.39845 1.39965 1.39759 1.38527 1.35461 1.30173 1.23625 1.18264 1.155 1.08915 0.968339 0.775416 0.540017 0.310462 0.131006 
1.39832 1.39901 1.39623 1.38384 1.35508 1.30796 1.25195 1.20234 1.16991 1.1013 0.974978 0.767371 0.51231 0.274274 0.103487 
1.3981 1.39806 1.39504 1.38522 1.36645 1.34274 1.32677 1.32656 1.32475 1.26532 1.09402 0.812268 0.490841 0.224143 0.065247 
1.39783 1.39686 1.39312 1.3845 1.3711 1.35824 1.35635 1.36175 1.3431 1.24441 1.02727 0.718418 0.404024 0.169005 0.0440131 
1.39757 1.39554 1.38988 1.37794 1.35716 1.32675 1.28997 1.24429 1.17778 1.05866 0.868457 0.623855 0.375912 0.178219 0.0571868 
1.39738 1.39437 1.38617 1.36815 1.33444 1.28028 1.20896 1.13933 1.06861 0.978061 0.834067 0.630982 0.402628 0.204848 0.0729726 
1.39729 1.3937 1.38351 1.3605 1.317 1.24866 1.16444 1.09525 1.06647 1.06118 1.02418 0.892085 0.689609 0.430421 0.1878 
1.39731 1.39367 1.38285 1.35778 1.30995 1.23498 1.14207 1.0576 1.01857 0.996348 0.963142 0.851432 0.662154 0.424956 0.200577 
1.3974 1.39416 1.38404 1.35981 1.31274 1.23814 1.14696 1.06476 1.02028 0.98673 0.935293 0.810937 0.610173 0.374638 0.167454 
1.39753 1.39491 1.3862 1.36454 1.32141 1.2523 1.17138 1.1098 1.09761 1.09908 1.07524 0.964184 0.744842 0.463729 0.204332 
1.39765 1.39565 1.38845 1.36968 1.33129 1.26907 1.19692 1.14594 1.13757 1.15241 1.12303 0.988717 0.738955 0.436943 0.177505 
1.39775 1.39623 1.39021 1.37373 1.33916 1.28255 1.21707 1.17027 1.15623 1.15266 1.0982 0.940248 0.683047 0.39322 0.156337 
1.3978 1.39657 1.39122 1.37605 1.34368 1.29026 1.22822 1.18311 1.16476 1.14676 1.07305 0.900217 0.64097 0.362998 0.142552 
2212
0.682664 0.681629 0.678492 0.671007 0.656412 0.633658 0.609824 0.600377 0.612435 0.630446 0.617536 0.540534 0.40006 0.23466 0.0952453 
0.682698 0.681828 0.679077 0.672327 0.658964 0.637978 0.615921 0.606556 0.614797 0.623196 0.596826 0.508778 0.367023 0.210649 0.0840514 
0.68276 0.682188 0.680108 0.674617 0.66332 0.645232 0.625958 0.616473 0.618394 0.612632 0.565219 0.460494 0.317407 0.173415 0.0652133 
0.682849 0.682689 0.681476 0.677526 0.66867 0.653826 0.637663 0.630588 0.629724 0.614049 0.545585 0.430699 0.289359 0.153356 0.0553384 
0.682959 0.683268 0.682914 0.680287 0.673344 0.660927 0.649091 0.649967 0.656451 0.639909 0.571895 0.462203 0.316192 0.171361 0.0636384 
0.683071 0.683809 0.684035 0.681885 0.675191 0.663228 0.655114 0.663625 0.681781 0.678618 0.616479 0.492732 0.332458 0.173813 0.0605752 
0.683162 0.684186 0.684539 0.681757 0.67305 0.657592 0.643657 0.645729 0.660876 0.666815 0.613136 0.493961 0.335584 0.177386 0.0623253 
0.683201 0.684309 0.684454 0.680561 0.668982 0.647811 0.621264 0.600842 0.598316 0.579154 0.532586 0.44467 0.32377 0.194875 0.0862547 
0.68317 0.684145 0.68407 0.680063 0.668688 0.648155 0.621617 0.59578 0.578723 0.545472 0.488672 0.392314 0.268484 0.147689 0.0574361 
0.683065 0.683691 0.683466 0.680519 0.673318 0.662573 0.652915 0.648516 0.644032 0.616103 0.538169 0.406309 0.250495 0.116861 0.034809 
0.682905 0.682966 0.682227 0.679703 0.675069 0.669874 0.668163 0.668851 0.658957 0.613285 0.511585 0.362869 0.20721 0.0879348 0.0232133 
0.682726 0.682058 0.680087 0.675751 0.667844 0.655509 0.639499 0.61838 0.5867 0.530239 0.439254 0.319446 0.195051 0.0936996 0.0304676 
0.68257 0.681163 0.677529 0.669812 0.65552 0.63235 0.600915 0.569399 0.537271 0.497364 0.431047 0.332137 0.215756 0.111598 0.0403834 
0.682468 0.680516 0.675448 0.664661 0.644916 0.614305 0.576699 0.546599 0.54023 0.55074 0.548326 0.493909 0.394829 0.254082 0.113992 
0.682432 0.680253 0.674483 0.662077 0.639439 0.604832 0.562886 0.526949 0.521103 0.530793 0.541347 0.506324 0.415151 0.279627 0.138107 
0.682452 0.680347 0.674669 0.662282 0.639513 0.604618 0.563522 0.530874 0.527246 0.535881 0.54231 0.501539 0.400138 0.258929 0.12139 
0.682504 0.680659 0.675582 0.664319 0.643358 0.611119 0.575515 0.555648 0.572964 0.607935 0.633902 0.603831 0.491456 0.319781 0.146394 
0.682565 0.681032 0.676705 0.666906 0.648399 0.619848 0.589342 0.576322 0.596031 0.639685 0.662952 0.617779 0.484945 0.299014 0.126066 
0.682617 0.681346 0.677651 0.669087 0.652668 0.627246 0.600538 0.59002 0.606472 0.638356 0.644922 0.583463 0.44514 0.267608 0.110744 
0.682649 0.681536 0.678219 0.670386 0.655204 0.631602 0.60688 0.597215 0.610899 0.633487 0.627138 0.555212 0.41507 0.245652 0.100586 
-2212
0.686001 0.685515 0.683289 0.67674 0.662239 0.637061 0.604992 0.575967 0.554899 0.533548 0.490085 0.406501 0.287852 0.16253 0.0635866 
0.686014 0.685607 0.68361 0.677571 0.664004 0.640269 0.609959 0.582082 0.559891 0.533621 0.48213 0.39104 0.270442 0.149507 0.0574903 
0.686038 0.685763 0.684135 0.678908 0.666823 0.645342 0.617631 0.591129 0.566491 0.532521 0.467897 0.365527 0.243142 0.128723 0.0469412 
0.68607 0.685956 0.684726 0.680339 0.669769 0.650488 0.625091 0.600517 0.574386 0.533725 0.453462 0.343858 0.223249 0.114828 0.0402634 
0.686106 0.686135 0.685144 0.681139 0.671241 0.652932 0.629577 0.608732 0.585503 0.541025 0.458506 0.353369 0.231969 0.121261 0.0435694 
0.686138 0.686237 0.685136 0.680572 0.669603 0.650165 0.627636 0.610287 0.593777 0.558301 0.481254 0.367555 0.239322 0.121493 0.04127 
0.686157 0.686231 0.684671 0.678648 0.664787 0.641283 0.613603 0.592677 0.577765 0.554397 0.488091 0.379287 0.250407 0.129344 0.044524 
0.686157 0.686149 0.684122 0.67678 0.66029 0.632681 0.598164 0.568052 0.551291 0.519924 0.4637 0.374277 0.2631 0.152506 0.0647583 
0.686134 0.686051 0.68402 0.677237 0.662753 0.640052 0.614498 0.594646 0.585808 0.562888 0.51108 0.413061 0.282841 0.154492 0.0589434 
0.686091 0.685945 0.684404 0.68 0.672414 0.664931 0.665829 0.681572 0.703816 0.699274 0.629444 0.485091 0.302853 0.142203 0.0423978 
0.686033 0.685765 0.684542 0.681858 0.678758 0.679563 0.691931 0.716469 0.736056 0.714072 0.617417 0.451037 0.263972 0.114565 0.0309112 
0.685972 0.685462 0.683795 0.680148 0.674087 0.66641 0.660033 0.654372 0.641518 0.600585 0.514246 0.385112 0.241288 0.118613 0.0393998 
0.685921 0.685099 0.682411 0.675895 0.663083 0.641929 0.613674 0.5876 0.562404 0.529173 0.466452 0.365779 0.242154 0.127787 0.0472508 
0.685892 0.684821 0.681157 0.671978 0.653579 0.623412 0.584548 0.550317 0.535282 0.534077 0.521547 0.463088 0.36779 0.236399 0.106332 
0.685888 0.68473 0.68061 0.670096 0.64891 0.614232 0.568936 0.522925 0.493864 0.471153 0.447645 0.393111 0.306476 0.197837 0.0940118 
0.685905 0.68482 0.680822 0.670398 0.649106 0.613864 0.568021 0.520443 0.485449 0.452254 0.417422 0.356989 0.267639 0.164564 0.073948 
0.685932 0.685011 0.68148 0.672027 0.652316 0.619181 0.576912 0.537246 0.514849 0.497927 0.474929 0.421943 0.326907 0.205624 0.091994 
0.68596 0.685216 0.682219 0.673943 0.656303 0.626249 0.587866 0.553345 0.533238 0.524355 0.501693 0.439777 0.330644 0.1978 0.0815621 
0.685982 0.685378 0.682801 0.675468 0.659532 0.632123 0.597219 0.565794 0.545385 0.530929 0.498944 0.426055 0.311014 0.180553 0.0724888 
0.685995 0.685471 0.683134 0.676337 0.66138 0.635497 0.602544 0.572826 0.552109 0.533053 0.493501 0.413386 0.295582 0.168489 0.0666091 
2112
0.67565 0.67474 0.671847 0.664749 0.650694 0.628589 0.60537 0.596359 0.6087 0.62706 0.614763 0.538623 0.399028 0.234271 0.0951734 
0.675682 0.674931 0.672415 0.666042 0.653209 0.632866 0.611429 0.602514 0.611074 0.619878 0.594163 0.50698 0.366069 0.210293 0.0839847 
0.675741 0.675275 0.67341 0.668272 0.657486 0.640031 0.621386 0.612394 0.614717 0.609466 0.562786 0.45893 0.316621 0.173142 0.0651683 
0.675824 0.675748 0.674713 0.671074 0.662692 0.648466 0.632954 0.626445 0.626128 0.611113 0.543485 0.429465 0.288818 0.153217 0.0553409 
0.675925 0.676283 0.67605 0.673664 0.667128 0.655298 0.644129 0.645674 0.652903 0.637223 0.570162 0.461349 0.315962 0.171415 0.0637217 
0.676027 0.676768 0.677033 0.675016 0.668617 0.657153 0.649684 0.65898 0.678098 0.676057 0.615077 0.492292 0.332582 0.174072 0.0607283 
0.676105 0.67708 0.677374 0.674581 0.665988 0.650841 0.637409 0.640211 0.656325 0.663445 0.611202 0.493262 0.335643 0.177667 0.0625049 
0.676134 0.677143 0.677134 0.673075 0.661382 0.640207 0.613779 0.59352 0.590859 0.572528 0.527132 0.44071 0.321435 0.19386 0.086006 
0.676096 0.676943 0.676652 0.67237 0.6607 0.639877 0.61302 0.586763 0.568902 0.535556 0.479348 0.38453 0.263035 0.1446 0.0561632 
0.675991 0.676489 0.676049 0.67283 0.665341 0.654328 0.644443 0.639908 0.635505 0.608155 0.53152 0.401535 0.247696 0.115614 0.0344534 
0.675839 0.675804 0.674918 0.672244 0.667533 0.662425 0.661056 0.662451 0.653677 0.609465 0.509297 0.361826 0.206907 0.0879188 0.0232361 
0.675672 0.674963 0.672954 0.668647 0.660932 0.649071 0.633891 0.613964 0.583694 0.528636 0.438794 0.319656 0.195463 0.0940155 0.0306059 
0.67553 0.674145 0.670585 0.663056 0.649146 0.626628 0.596109 0.565667 0.534602 0.495727 0.430275 0.331963 0.215874 0.111757 0.0404743 
0.675441 0.673565 0.668662 0.658174 0.638904 0.608952 0.572092 0.542609 0.536643 0.547419 0.545364 0.491591 0.393298 0.253309 0.113743 
0.675415 0.67335 0.667806 0.655764 0.633649 0.599694 0.558413 0.522971 0.517393 0.527236 0.538158 0.503857 0.413552 0.278813 0.137829 
0.675439 0.673469 0.668049 0.656062 0.633844 0.599615 0.559179 0.527043 0.523818 0.532799 0.539902 0.500044 0.399524 0.258891 0.121539 
0.675493 0.673789 0.66898 0.658128 0.637728 0.606161 0.571198 0.551792 0.569429 0.60474 0.631296 0.602118 0.490664 0.319628 0.146481 
0.675554 0.674159 0.670096 0.660705 0.642757 0.614871 0.58499 0.572403 0.592351 0.636279 0.660093 0.615781 0.483884 0.298649 0.126027 
0.675604 0.674466 0.671026 0.662861 0.646992 0.622228 0.596136 0.586045 0.602746 0.634919 0.642048 0.581449 0.444045 0.2672 0.110674 
0.675635 0.674651 0.671581 0.66414 0.649502 0.62655 0.602444 0.593209 0.607163 0.630077 0.624323 0.553258 0.41401 0.245252 0.100513 
-2112
0.680038 0.67945 0.677057 0.670312 0.655655 0.630435 0.598453 0.569599 0.548781 0.527873 0.48519 0.40275 0.285416 0.161272 0.0631383 
0.680053 0.679547 0.677388 0.671153 0.657423 0.63363 0.603389 0.575676 0.553759 0.527997 0.477366 0.387473 0.268179 0.148362 0.0570886 
0.680079 0.679715 0.677936 0.672521 0.660266 0.638705 0.611032 0.584676 0.560336 0.526947 0.463297 0.3622 0.241106 0.127733 0.0466114 
0.680115 0.679931 0.678575 0.674024 0.663294 0.643919 0.618518 0.594025 0.568152 0.528076 0.448889 0.340598 0.221271 0.11388 0.0399544 
0.680158 0.680145 0.679076 0.674964 0.664955 0.646571 0.623151 0.602233 0.579092 0.535088 0.453575 0.3497 0.229665 0.120115 0.0431804 
0.680199 0.680297 0.679193 0.674628 0.663669 0.644248 0.621631 0.604058 0.587359 0.552058 0.475842 0.363483 0.236742 0.120229 0.0408594 
0.680229 0.68035 0.678884 0.673015 0.659373 0.636126 0.608595 0.587599 0.57254 0.549237 0.483444 0.375648 0.247988 0.128089 0.0440915 
0.680239 0.680322 0.678483 0.671458 0.65544 0.628449 0.594609 0.565137 0.549297 0.518412 0.462655 0.373653 0.262662 0.152157 0.0645311 
0.680222 0.680259 0.678471 0.672093 0.658207 0.636302 0.611692 0.592909 0.58547 0.563728 0.512923 0.415442 0.285026 0.156008 0.0596799 
0.680179 0.680154 0.678846 0.6748 0.667684 0.660717 0.662064 0.678143 0.700742 0.696793 0.627814 0.484341 0.302706 0.142283 0.042467 
0.680116 0.679941 0.678883 0.676416 0.673515 0.674368 0.686478 0.710465 0.72951 0.707529 0.611778 0.447031 0.261726 0.113637 0.0306752 
0.680045 0.679582 0.67799 0.674415 0.668358 0.66052 0.653722 0.647437 0.63402 0.593114 0.507687 0.380216 0.238284 0.11718 0.03894 
0.679982 0.679157 0.67646 0.669923 0.657063 0.635812 0.607369 0.580938 0.555459 0.522305 0.460378 0.36116 0.239247 0.126352 0.0467592 
0.679942 0.678823 0.675086 0.665836 0.647404 0.617283 0.578528 0.54436 0.529313 0.528214 0.516177 0.458746 0.364726 0.234665 0.105651 
0.679929 0.678691 0.674453 0.663831 0.642621 0.608074 0.563075 0.51742 0.48861 0.466236 0.443181 0.389461 0.303884 0.196334 0.0933794 
0.679941 0.678756 0.67461 0.664046 0.642706 0.60759 0.562041 0.514815 0.480079 0.44719 0.412784 0.35313 0.264853 0.162916 0.073235 
0.679966 0.678938 0.675241 0.66562 0.645824 0.612762 0.570708 0.531279 0.508989 0.492266 0.46965 0.417452 0.323621 0.203685 0.0911859 
0.679995 0.679142 0.675973 0.667512 0.649752 0.619721 0.581495 0.547171 0.527216 0.518527 0.49637 0.435413 0.327614 0.196138 0.0809406 
0.680018 0.679307 0.676559 0.669033 0.652955 0.625532 0.590746 0.559504 0.539305 0.525177 0.493839 0.422014 0.308306 0.179118 0.071966 
0.680031 0.679404 0.676898 0.669906 0.654797 0.62888 0.596024 0.566481 0.546001 0.527352 0.488538 0.409543 0.293061 0.167175 0.0661367 
